converged SCF energy = -1.40975299670212
[[ 0.42943635 -0.53999446  0.56281476 -0.45792314]
 [ 0.52842616 -0.44102503 -0.4453036   0.57697554]
 [ 0.52842616  0.44102503 -0.4453036  -0.57697554]
 [ 0.42943635  0.53999446  0.56281476  0.45792314]]
<class 'pyscf.gto.mole.Mole'> <class 'pyscf.scf.hf.RHF'>
 ecore:  -0.62012764
h1!!! [[ 7.33866401e-01 -4.92539747e-16 -6.02134464e-02  1.66655644e-16]
 [-4.94654936e-16  7.33509050e-01 -1.55647730e-16 -7.84234546e-02]
 [-6.02134464e-02 -1.21564425e-16  7.70268122e-01 -2.74885054e-16]
 [ 1.56313184e-16 -7.84234546e-02 -2.23136725e-16  8.36479109e-01]]
SCF energy pycc: -1.4097529967021192 -1.4097529967021192
dropcore: 0
calctype: None
dropcore: 0
n_mo=4, n_spin_orbitals=8, n_electrons=4
[-0.23540008 -0.23540008 -0.19624159 -0.19624159  0.02731994  0.02731994
  0.07279873  0.07279873]
geo: [['H', [0, 0, 0]], ['H', [0, 0, 2.5]], ['H', [0, 0, 5.0]], ['H', [0, 0, 7.5]]]
Original Hamiltonian shape: (256, 256)
Restricted Hamiltonian shape: (36, 36)
hf_index: 240
restrict sz: (36,)
e cmp: -1.8722159944241137
<1100|H|1100> = (-1.4097529967021203+0j)

nelectrons: 4
singles alt: [(4, 0), (5, 1), (6, 0), (7, 1), (4, 2), (5, 3), (6, 2), (7, 3)]
singles alt: [(4, 0), (5, 1), (6, 0), (7, 1), (4, 2), (5, 3), (6, 2), (7, 3)]
singles alt: [(4, 0), (5, 1), (6, 0), (7, 1), (4, 2), (5, 3), (6, 2), (7, 3)]
Energy at theta=0 (should be HF energy): -1.409752996702  PySCF RHF energy: -1.409752996702,-1.409752996702
Starting optimization... (this may take some time for larger ansatz sizes)
singles alt: [(4, 0), (5, 1), (6, 0), (7, 1), (4, 2), (5, 3), (6, 2), (7, 3)]
singles alt: [(4, 0), (5, 1), (6, 0), (7, 1), (4, 2), (5, 3), (6, 2), (7, 3)]
singles alt: [(4, 0), (5, 1), (6, 0), (7, 1), (4, 2), (5, 3), (6, 2), (7, 3)]
singles alt: [(4, 0), (5, 1), (6, 0), (7, 1), (4, 2), (5, 3), (6, 2), (7, 3)]
singles alt: [(4, 0), (5, 1), (6, 0), (7, 1), (4, 2), (5, 3), (6, 2), (7, 3)]
singles alt: [(4, 0), (5, 1), (6, 0), (7, 1), (4, 2), (5, 3), (6, 2), (7, 3)]
singles alt: [(4, 0), (5, 1), (6, 0), (7, 1), (4, 2), (5, 3), (6, 2), (7, 3)]
singles alt: [(4, 0), (5, 1), (6, 0), (7, 1), (4, 2), (5, 3), (6, 2), (7, 3)]
singles alt: [(4, 0), (5, 1), (6, 0), (7, 1), (4, 2), (5, 3), (6, 2), (7, 3)]
singles alt: [(4, 0), (5, 1), (6, 0), (7, 1), (4, 2), (5, 3), (6, 2), (7, 3)]
singles alt: [(4, 0), (5, 1), (6, 0), (7, 1), (4, 2), (5, 3), (6, 2), (7, 3)]
singles alt: [(4, 0), (5, 1), (6, 0), (7, 1), (4, 2), (5, 3), (6, 2), (7, 3)]
singles alt: [(4, 0), (5, 1), (6, 0), (7, 1), (4, 2), (5, 3), (6, 2), (7, 3)]
singles alt: [(4, 0), (5, 1), (6, 0), (7, 1), (4, 2), (5, 3), (6, 2), (7, 3)]
singles alt: [(4, 0), (5, 1), (6, 0), (7, 1), (4, 2), (5, 3), (6, 2), (7, 3)]
singles alt: [(4, 0), (5, 1), (6, 0), (7, 1), (4, 2), (5, 3), (6, 2), (7, 3)]
singles alt: [(4, 0), (5, 1), (6, 0), (7, 1), (4, 2), (5, 3), (6, 2), (7, 3)]
singles alt: [(4, 0), (5, 1), (6, 0), (7, 1), (4, 2), (5, 3), (6, 2), (7, 3)]
singles alt: [(4, 0), (5, 1), (6, 0), (7, 1), (4, 2), (5, 3), (6, 2), (7, 3)]
singles alt: [(4, 0), (5, 1), (6, 0), (7, 1), (4, 2), (5, 3), (6, 2), (7, 3)]
singles alt: [(4, 0), (5, 1), (6, 0), (7, 1), (4, 2), (5, 3), (6, 2), (7, 3)]
singles alt: [(4, 0), (5, 1), (6, 0), (7, 1), (4, 2), (5, 3), (6, 2), (7, 3)]
singles alt: [(4, 0), (5, 1), (6, 0), (7, 1), (4, 2), (5, 3), (6, 2), (7, 3)]
singles alt: [(4, 0), (5, 1), (6, 0), (7, 1), (4, 2), (5, 3), (6, 2), (7, 3)]
singles alt: [(4, 0), (5, 1), (6, 0), (7, 1), (4, 2), (5, 3), (6, 2), (7, 3)]
singles alt: [(4, 0), (5, 1), (6, 0), (7, 1), (4, 2), (5, 3), (6, 2), (7, 3)]
singles alt: [(4, 0), (5, 1), (6, 0), (7, 1), (4, 2), (5, 3), (6, 2), (7, 3)]
singles alt: [(4, 0), (5, 1), (6, 0), (7, 1), (4, 2), (5, 3), (6, 2), (7, 3)]
singles alt: [(4, 0), (5, 1), (6, 0), (7, 1), (4, 2), (5, 3), (6, 2), (7, 3)]
singles alt: [(4, 0), (5, 1), (6, 0), (7, 1), (4, 2), (5, 3), (6, 2), (7, 3)]
singles alt: [(4, 0), (5, 1), (6, 0), (7, 1), (4, 2), (5, 3), (6, 2), (7, 3)]
singles alt: [(4, 0), (5, 1), (6, 0), (7, 1), (4, 2), (5, 3), (6, 2), (7, 3)]
singles alt: [(4, 0), (5, 1), (6, 0), (7, 1), (4, 2), (5, 3), (6, 2), (7, 3)]
singles alt: [(4, 0), (5, 1), (6, 0), (7, 1), (4, 2), (5, 3), (6, 2), (7, 3)]
singles alt: [(4, 0), (5, 1), (6, 0), (7, 1), (4, 2), (5, 3), (6, 2), (7, 3)]
singles alt: [(4, 0), (5, 1), (6, 0), (7, 1), (4, 2), (5, 3), (6, 2), (7, 3)]
singles alt: [(4, 0), (5, 1), (6, 0), (7, 1), (4, 2), (5, 3), (6, 2), (7, 3)]
singles alt: [(4, 0), (5, 1), (6, 0), (7, 1), (4, 2), (5, 3), (6, 2), (7, 3)]
singles alt: [(4, 0), (5, 1), (6, 0), (7, 1), (4, 2), (5, 3), (6, 2), (7, 3)]
singles alt: [(4, 0), (5, 1), (6, 0), (7, 1), (4, 2), (5, 3), (6, 2), (7, 3)]
singles alt: [(4, 0), (5, 1), (6, 0), (7, 1), (4, 2), (5, 3), (6, 2), (7, 3)]
singles alt: [(4, 0), (5, 1), (6, 0), (7, 1), (4, 2), (5, 3), (6, 2), (7, 3)]
singles alt: [(4, 0), (5, 1), (6, 0), (7, 1), (4, 2), (5, 3), (6, 2), (7, 3)]
singles alt: [(4, 0), (5, 1), (6, 0), (7, 1), (4, 2), (5, 3), (6, 2), (7, 3)]
singles alt: [(4, 0), (5, 1), (6, 0), (7, 1), (4, 2), (5, 3), (6, 2), (7, 3)]
singles alt: [(4, 0), (5, 1), (6, 0), (7, 1), (4, 2), (5, 3), (6, 2), (7, 3)]
singles alt: [(4, 0), (5, 1), (6, 0), (7, 1), (4, 2), (5, 3), (6, 2), (7, 3)]
singles alt: [(4, 0), (5, 1), (6, 0), (7, 1), (4, 2), (5, 3), (6, 2), (7, 3)]
singles alt: [(4, 0), (5, 1), (6, 0), (7, 1), (4, 2), (5, 3), (6, 2), (7, 3)]
singles alt: [(4, 0), (5, 1), (6, 0), (7, 1), (4, 2), (5, 3), (6, 2), (7, 3)]
singles alt: [(4, 0), (5, 1), (6, 0), (7, 1), (4, 2), (5, 3), (6, 2), (7, 3)]
singles alt: [(4, 0), (5, 1), (6, 0), (7, 1), (4, 2), (5, 3), (6, 2), (7, 3)]
singles alt: [(4, 0), (5, 1), (6, 0), (7, 1), (4, 2), (5, 3), (6, 2), (7, 3)]
singles alt: [(4, 0), (5, 1), (6, 0), (7, 1), (4, 2), (5, 3), (6, 2), (7, 3)]
singles alt: [(4, 0), (5, 1), (6, 0), (7, 1), (4, 2), (5, 3), (6, 2), (7, 3)]
callback: energy=-1.836517383055
singles alt: [(4, 0), (5, 1), (6, 0), (7, 1), (4, 2), (5, 3), (6, 2), (7, 3)]
singles alt: [(4, 0), (5, 1), (6, 0), (7, 1), (4, 2), (5, 3), (6, 2), (7, 3)]
singles alt: [(4, 0), (5, 1), (6, 0), (7, 1), (4, 2), (5, 3), (6, 2), (7, 3)]
singles alt: [(4, 0), (5, 1), (6, 0), (7, 1), (4, 2), (5, 3), (6, 2), (7, 3)]
singles alt: [(4, 0), (5, 1), (6, 0), (7, 1), (4, 2), (5, 3), (6, 2), (7, 3)]
singles alt: [(4, 0), (5, 1), (6, 0), (7, 1), (4, 2), (5, 3), (6, 2), (7, 3)]
singles alt: [(4, 0), (5, 1), (6, 0), (7, 1), (4, 2), (5, 3), (6, 2), (7, 3)]
singles alt: [(4, 0), (5, 1), (6, 0), (7, 1), (4, 2), (5, 3), (6, 2), (7, 3)]
singles alt: [(4, 0), (5, 1), (6, 0), (7, 1), (4, 2), (5, 3), (6, 2), (7, 3)]
singles alt: [(4, 0), (5, 1), (6, 0), (7, 1), (4, 2), (5, 3), (6, 2), (7, 3)]
singles alt: [(4, 0), (5, 1), (6, 0), (7, 1), (4, 2), (5, 3), (6, 2), (7, 3)]
singles alt: [(4, 0), (5, 1), (6, 0), (7, 1), (4, 2), (5, 3), (6, 2), (7, 3)]
singles alt: [(4, 0), (5, 1), (6, 0), (7, 1), (4, 2), (5, 3), (6, 2), (7, 3)]
singles alt: [(4, 0), (5, 1), (6, 0), (7, 1), (4, 2), (5, 3), (6, 2), (7, 3)]
singles alt: [(4, 0), (5, 1), (6, 0), (7, 1), (4, 2), (5, 3), (6, 2), (7, 3)]
singles alt: [(4, 0), (5, 1), (6, 0), (7, 1), (4, 2), (5, 3), (6, 2), (7, 3)]
singles alt: [(4, 0), (5, 1), (6, 0), (7, 1), (4, 2), (5, 3), (6, 2), (7, 3)]
singles alt: [(4, 0), (5, 1), (6, 0), (7, 1), (4, 2), (5, 3), (6, 2), (7, 3)]
singles alt: [(4, 0), (5, 1), (6, 0), (7, 1), (4, 2), (5, 3), (6, 2), (7, 3)]
singles alt: [(4, 0), (5, 1), (6, 0), (7, 1), (4, 2), (5, 3), (6, 2), (7, 3)]
singles alt: [(4, 0), (5, 1), (6, 0), (7, 1), (4, 2), (5, 3), (6, 2), (7, 3)]
singles alt: [(4, 0), (5, 1), (6, 0), (7, 1), (4, 2), (5, 3), (6, 2), (7, 3)]
singles alt: [(4, 0), (5, 1), (6, 0), (7, 1), (4, 2), (5, 3), (6, 2), (7, 3)]
singles alt: [(4, 0), (5, 1), (6, 0), (7, 1), (4, 2), (5, 3), (6, 2), (7, 3)]
singles alt: [(4, 0), (5, 1), (6, 0), (7, 1), (4, 2), (5, 3), (6, 2), (7, 3)]
singles alt: [(4, 0), (5, 1), (6, 0), (7, 1), (4, 2), (5, 3), (6, 2), (7, 3)]
singles alt: [(4, 0), (5, 1), (6, 0), (7, 1), (4, 2), (5, 3), (6, 2), (7, 3)]
singles alt: [(4, 0), (5, 1), (6, 0), (7, 1), (4, 2), (5, 3), (6, 2), (7, 3)]
callback: energy=-1.864709658527
singles alt: [(4, 0), (5, 1), (6, 0), (7, 1), (4, 2), (5, 3), (6, 2), (7, 3)]
singles alt: [(4, 0), (5, 1), (6, 0), (7, 1), (4, 2), (5, 3), (6, 2), (7, 3)]
singles alt: [(4, 0), (5, 1), (6, 0), (7, 1), (4, 2), (5, 3), (6, 2), (7, 3)]
singles alt: [(4, 0), (5, 1), (6, 0), (7, 1), (4, 2), (5, 3), (6, 2), (7, 3)]
singles alt: [(4, 0), (5, 1), (6, 0), (7, 1), (4, 2), (5, 3), (6, 2), (7, 3)]
singles alt: [(4, 0), (5, 1), (6, 0), (7, 1), (4, 2), (5, 3), (6, 2), (7, 3)]
singles alt: [(4, 0), (5, 1), (6, 0), (7, 1), (4, 2), (5, 3), (6, 2), (7, 3)]
singles alt: [(4, 0), (5, 1), (6, 0), (7, 1), (4, 2), (5, 3), (6, 2), (7, 3)]
singles alt: [(4, 0), (5, 1), (6, 0), (7, 1), (4, 2), (5, 3), (6, 2), (7, 3)]
singles alt: [(4, 0), (5, 1), (6, 0), (7, 1), (4, 2), (5, 3), (6, 2), (7, 3)]
singles alt: [(4, 0), (5, 1), (6, 0), (7, 1), (4, 2), (5, 3), (6, 2), (7, 3)]
singles alt: [(4, 0), (5, 1), (6, 0), (7, 1), (4, 2), (5, 3), (6, 2), (7, 3)]
singles alt: [(4, 0), (5, 1), (6, 0), (7, 1), (4, 2), (5, 3), (6, 2), (7, 3)]
singles alt: [(4, 0), (5, 1), (6, 0), (7, 1), (4, 2), (5, 3), (6, 2), (7, 3)]
singles alt: [(4, 0), (5, 1), (6, 0), (7, 1), (4, 2), (5, 3), (6, 2), (7, 3)]
singles alt: [(4, 0), (5, 1), (6, 0), (7, 1), (4, 2), (5, 3), (6, 2), (7, 3)]
singles alt: [(4, 0), (5, 1), (6, 0), (7, 1), (4, 2), (5, 3), (6, 2), (7, 3)]
singles alt: [(4, 0), (5, 1), (6, 0), (7, 1), (4, 2), (5, 3), (6, 2), (7, 3)]
singles alt: [(4, 0), (5, 1), (6, 0), (7, 1), (4, 2), (5, 3), (6, 2), (7, 3)]
singles alt: [(4, 0), (5, 1), (6, 0), (7, 1), (4, 2), (5, 3), (6, 2), (7, 3)]
singles alt: [(4, 0), (5, 1), (6, 0), (7, 1), (4, 2), (5, 3), (6, 2), (7, 3)]
singles alt: [(4, 0), (5, 1), (6, 0), (7, 1), (4, 2), (5, 3), (6, 2), (7, 3)]
singles alt: [(4, 0), (5, 1), (6, 0), (7, 1), (4, 2), (5, 3), (6, 2), (7, 3)]
singles alt: [(4, 0), (5, 1), (6, 0), (7, 1), (4, 2), (5, 3), (6, 2), (7, 3)]
singles alt: [(4, 0), (5, 1), (6, 0), (7, 1), (4, 2), (5, 3), (6, 2), (7, 3)]
singles alt: [(4, 0), (5, 1), (6, 0), (7, 1), (4, 2), (5, 3), (6, 2), (7, 3)]
singles alt: [(4, 0), (5, 1), (6, 0), (7, 1), (4, 2), (5, 3), (6, 2), (7, 3)]
singles alt: [(4, 0), (5, 1), (6, 0), (7, 1), (4, 2), (5, 3), (6, 2), (7, 3)]
callback: energy=-1.870403375956
singles alt: [(4, 0), (5, 1), (6, 0), (7, 1), (4, 2), (5, 3), (6, 2), (7, 3)]
singles alt: [(4, 0), (5, 1), (6, 0), (7, 1), (4, 2), (5, 3), (6, 2), (7, 3)]
singles alt: [(4, 0), (5, 1), (6, 0), (7, 1), (4, 2), (5, 3), (6, 2), (7, 3)]
singles alt: [(4, 0), (5, 1), (6, 0), (7, 1), (4, 2), (5, 3), (6, 2), (7, 3)]
singles alt: [(4, 0), (5, 1), (6, 0), (7, 1), (4, 2), (5, 3), (6, 2), (7, 3)]
singles alt: [(4, 0), (5, 1), (6, 0), (7, 1), (4, 2), (5, 3), (6, 2), (7, 3)]
singles alt: [(4, 0), (5, 1), (6, 0), (7, 1), (4, 2), (5, 3), (6, 2), (7, 3)]
singles alt: [(4, 0), (5, 1), (6, 0), (7, 1), (4, 2), (5, 3), (6, 2), (7, 3)]
singles alt: [(4, 0), (5, 1), (6, 0), (7, 1), (4, 2), (5, 3), (6, 2), (7, 3)]
singles alt: [(4, 0), (5, 1), (6, 0), (7, 1), (4, 2), (5, 3), (6, 2), (7, 3)]
singles alt: [(4, 0), (5, 1), (6, 0), (7, 1), (4, 2), (5, 3), (6, 2), (7, 3)]
singles alt: [(4, 0), (5, 1), (6, 0), (7, 1), (4, 2), (5, 3), (6, 2), (7, 3)]
singles alt: [(4, 0), (5, 1), (6, 0), (7, 1), (4, 2), (5, 3), (6, 2), (7, 3)]
singles alt: [(4, 0), (5, 1), (6, 0), (7, 1), (4, 2), (5, 3), (6, 2), (7, 3)]
singles alt: [(4, 0), (5, 1), (6, 0), (7, 1), (4, 2), (5, 3), (6, 2), (7, 3)]
singles alt: [(4, 0), (5, 1), (6, 0), (7, 1), (4, 2), (5, 3), (6, 2), (7, 3)]
singles alt: [(4, 0), (5, 1), (6, 0), (7, 1), (4, 2), (5, 3), (6, 2), (7, 3)]
singles alt: [(4, 0), (5, 1), (6, 0), (7, 1), (4, 2), (5, 3), (6, 2), (7, 3)]
singles alt: [(4, 0), (5, 1), (6, 0), (7, 1), (4, 2), (5, 3), (6, 2), (7, 3)]
singles alt: [(4, 0), (5, 1), (6, 0), (7, 1), (4, 2), (5, 3), (6, 2), (7, 3)]
singles alt: [(4, 0), (5, 1), (6, 0), (7, 1), (4, 2), (5, 3), (6, 2), (7, 3)]
singles alt: [(4, 0), (5, 1), (6, 0), (7, 1), (4, 2), (5, 3), (6, 2), (7, 3)]
singles alt: [(4, 0), (5, 1), (6, 0), (7, 1), (4, 2), (5, 3), (6, 2), (7, 3)]
singles alt: [(4, 0), (5, 1), (6, 0), (7, 1), (4, 2), (5, 3), (6, 2), (7, 3)]
singles alt: [(4, 0), (5, 1), (6, 0), (7, 1), (4, 2), (5, 3), (6, 2), (7, 3)]
singles alt: [(4, 0), (5, 1), (6, 0), (7, 1), (4, 2), (5, 3), (6, 2), (7, 3)]
singles alt: [(4, 0), (5, 1), (6, 0), (7, 1), (4, 2), (5, 3), (6, 2), (7, 3)]
singles alt: [(4, 0), (5, 1), (6, 0), (7, 1), (4, 2), (5, 3), (6, 2), (7, 3)]
callback: energy=-1.870813386348
singles alt: [(4, 0), (5, 1), (6, 0), (7, 1), (4, 2), (5, 3), (6, 2), (7, 3)]
singles alt: [(4, 0), (5, 1), (6, 0), (7, 1), (4, 2), (5, 3), (6, 2), (7, 3)]
singles alt: [(4, 0), (5, 1), (6, 0), (7, 1), (4, 2), (5, 3), (6, 2), (7, 3)]
singles alt: [(4, 0), (5, 1), (6, 0), (7, 1), (4, 2), (5, 3), (6, 2), (7, 3)]
singles alt: [(4, 0), (5, 1), (6, 0), (7, 1), (4, 2), (5, 3), (6, 2), (7, 3)]
singles alt: [(4, 0), (5, 1), (6, 0), (7, 1), (4, 2), (5, 3), (6, 2), (7, 3)]
singles alt: [(4, 0), (5, 1), (6, 0), (7, 1), (4, 2), (5, 3), (6, 2), (7, 3)]
singles alt: [(4, 0), (5, 1), (6, 0), (7, 1), (4, 2), (5, 3), (6, 2), (7, 3)]
singles alt: [(4, 0), (5, 1), (6, 0), (7, 1), (4, 2), (5, 3), (6, 2), (7, 3)]
singles alt: [(4, 0), (5, 1), (6, 0), (7, 1), (4, 2), (5, 3), (6, 2), (7, 3)]
singles alt: [(4, 0), (5, 1), (6, 0), (7, 1), (4, 2), (5, 3), (6, 2), (7, 3)]
singles alt: [(4, 0), (5, 1), (6, 0), (7, 1), (4, 2), (5, 3), (6, 2), (7, 3)]
singles alt: [(4, 0), (5, 1), (6, 0), (7, 1), (4, 2), (5, 3), (6, 2), (7, 3)]
singles alt: [(4, 0), (5, 1), (6, 0), (7, 1), (4, 2), (5, 3), (6, 2), (7, 3)]
singles alt: [(4, 0), (5, 1), (6, 0), (7, 1), (4, 2), (5, 3), (6, 2), (7, 3)]
singles alt: [(4, 0), (5, 1), (6, 0), (7, 1), (4, 2), (5, 3), (6, 2), (7, 3)]
singles alt: [(4, 0), (5, 1), (6, 0), (7, 1), (4, 2), (5, 3), (6, 2), (7, 3)]
singles alt: [(4, 0), (5, 1), (6, 0), (7, 1), (4, 2), (5, 3), (6, 2), (7, 3)]
singles alt: [(4, 0), (5, 1), (6, 0), (7, 1), (4, 2), (5, 3), (6, 2), (7, 3)]
singles alt: [(4, 0), (5, 1), (6, 0), (7, 1), (4, 2), (5, 3), (6, 2), (7, 3)]
singles alt: [(4, 0), (5, 1), (6, 0), (7, 1), (4, 2), (5, 3), (6, 2), (7, 3)]
singles alt: [(4, 0), (5, 1), (6, 0), (7, 1), (4, 2), (5, 3), (6, 2), (7, 3)]
singles alt: [(4, 0), (5, 1), (6, 0), (7, 1), (4, 2), (5, 3), (6, 2), (7, 3)]
singles alt: [(4, 0), (5, 1), (6, 0), (7, 1), (4, 2), (5, 3), (6, 2), (7, 3)]
singles alt: [(4, 0), (5, 1), (6, 0), (7, 1), (4, 2), (5, 3), (6, 2), (7, 3)]
singles alt: [(4, 0), (5, 1), (6, 0), (7, 1), (4, 2), (5, 3), (6, 2), (7, 3)]
singles alt: [(4, 0), (5, 1), (6, 0), (7, 1), (4, 2), (5, 3), (6, 2), (7, 3)]
singles alt: [(4, 0), (5, 1), (6, 0), (7, 1), (4, 2), (5, 3), (6, 2), (7, 3)]
callback: energy=-1.871105075191
singles alt: [(4, 0), (5, 1), (6, 0), (7, 1), (4, 2), (5, 3), (6, 2), (7, 3)]
singles alt: [(4, 0), (5, 1), (6, 0), (7, 1), (4, 2), (5, 3), (6, 2), (7, 3)]
singles alt: [(4, 0), (5, 1), (6, 0), (7, 1), (4, 2), (5, 3), (6, 2), (7, 3)]
singles alt: [(4, 0), (5, 1), (6, 0), (7, 1), (4, 2), (5, 3), (6, 2), (7, 3)]
singles alt: [(4, 0), (5, 1), (6, 0), (7, 1), (4, 2), (5, 3), (6, 2), (7, 3)]
singles alt: [(4, 0), (5, 1), (6, 0), (7, 1), (4, 2), (5, 3), (6, 2), (7, 3)]
singles alt: [(4, 0), (5, 1), (6, 0), (7, 1), (4, 2), (5, 3), (6, 2), (7, 3)]
singles alt: [(4, 0), (5, 1), (6, 0), (7, 1), (4, 2), (5, 3), (6, 2), (7, 3)]
singles alt: [(4, 0), (5, 1), (6, 0), (7, 1), (4, 2), (5, 3), (6, 2), (7, 3)]
singles alt: [(4, 0), (5, 1), (6, 0), (7, 1), (4, 2), (5, 3), (6, 2), (7, 3)]
singles alt: [(4, 0), (5, 1), (6, 0), (7, 1), (4, 2), (5, 3), (6, 2), (7, 3)]
singles alt: [(4, 0), (5, 1), (6, 0), (7, 1), (4, 2), (5, 3), (6, 2), (7, 3)]
singles alt: [(4, 0), (5, 1), (6, 0), (7, 1), (4, 2), (5, 3), (6, 2), (7, 3)]
singles alt: [(4, 0), (5, 1), (6, 0), (7, 1), (4, 2), (5, 3), (6, 2), (7, 3)]
singles alt: [(4, 0), (5, 1), (6, 0), (7, 1), (4, 2), (5, 3), (6, 2), (7, 3)]
singles alt: [(4, 0), (5, 1), (6, 0), (7, 1), (4, 2), (5, 3), (6, 2), (7, 3)]
singles alt: [(4, 0), (5, 1), (6, 0), (7, 1), (4, 2), (5, 3), (6, 2), (7, 3)]
singles alt: [(4, 0), (5, 1), (6, 0), (7, 1), (4, 2), (5, 3), (6, 2), (7, 3)]
singles alt: [(4, 0), (5, 1), (6, 0), (7, 1), (4, 2), (5, 3), (6, 2), (7, 3)]
singles alt: [(4, 0), (5, 1), (6, 0), (7, 1), (4, 2), (5, 3), (6, 2), (7, 3)]
singles alt: [(4, 0), (5, 1), (6, 0), (7, 1), (4, 2), (5, 3), (6, 2), (7, 3)]
singles alt: [(4, 0), (5, 1), (6, 0), (7, 1), (4, 2), (5, 3), (6, 2), (7, 3)]
singles alt: [(4, 0), (5, 1), (6, 0), (7, 1), (4, 2), (5, 3), (6, 2), (7, 3)]
singles alt: [(4, 0), (5, 1), (6, 0), (7, 1), (4, 2), (5, 3), (6, 2), (7, 3)]
singles alt: [(4, 0), (5, 1), (6, 0), (7, 1), (4, 2), (5, 3), (6, 2), (7, 3)]
singles alt: [(4, 0), (5, 1), (6, 0), (7, 1), (4, 2), (5, 3), (6, 2), (7, 3)]
singles alt: [(4, 0), (5, 1), (6, 0), (7, 1), (4, 2), (5, 3), (6, 2), (7, 3)]
singles alt: [(4, 0), (5, 1), (6, 0), (7, 1), (4, 2), (5, 3), (6, 2), (7, 3)]
callback: energy=-1.871110785432
singles alt: [(4, 0), (5, 1), (6, 0), (7, 1), (4, 2), (5, 3), (6, 2), (7, 3)]
singles alt: [(4, 0), (5, 1), (6, 0), (7, 1), (4, 2), (5, 3), (6, 2), (7, 3)]
singles alt: [(4, 0), (5, 1), (6, 0), (7, 1), (4, 2), (5, 3), (6, 2), (7, 3)]
singles alt: [(4, 0), (5, 1), (6, 0), (7, 1), (4, 2), (5, 3), (6, 2), (7, 3)]
singles alt: [(4, 0), (5, 1), (6, 0), (7, 1), (4, 2), (5, 3), (6, 2), (7, 3)]
singles alt: [(4, 0), (5, 1), (6, 0), (7, 1), (4, 2), (5, 3), (6, 2), (7, 3)]
singles alt: [(4, 0), (5, 1), (6, 0), (7, 1), (4, 2), (5, 3), (6, 2), (7, 3)]
singles alt: [(4, 0), (5, 1), (6, 0), (7, 1), (4, 2), (5, 3), (6, 2), (7, 3)]
singles alt: [(4, 0), (5, 1), (6, 0), (7, 1), (4, 2), (5, 3), (6, 2), (7, 3)]
singles alt: [(4, 0), (5, 1), (6, 0), (7, 1), (4, 2), (5, 3), (6, 2), (7, 3)]
singles alt: [(4, 0), (5, 1), (6, 0), (7, 1), (4, 2), (5, 3), (6, 2), (7, 3)]
singles alt: [(4, 0), (5, 1), (6, 0), (7, 1), (4, 2), (5, 3), (6, 2), (7, 3)]
singles alt: [(4, 0), (5, 1), (6, 0), (7, 1), (4, 2), (5, 3), (6, 2), (7, 3)]
singles alt: [(4, 0), (5, 1), (6, 0), (7, 1), (4, 2), (5, 3), (6, 2), (7, 3)]
singles alt: [(4, 0), (5, 1), (6, 0), (7, 1), (4, 2), (5, 3), (6, 2), (7, 3)]
singles alt: [(4, 0), (5, 1), (6, 0), (7, 1), (4, 2), (5, 3), (6, 2), (7, 3)]
singles alt: [(4, 0), (5, 1), (6, 0), (7, 1), (4, 2), (5, 3), (6, 2), (7, 3)]
singles alt: [(4, 0), (5, 1), (6, 0), (7, 1), (4, 2), (5, 3), (6, 2), (7, 3)]
singles alt: [(4, 0), (5, 1), (6, 0), (7, 1), (4, 2), (5, 3), (6, 2), (7, 3)]
singles alt: [(4, 0), (5, 1), (6, 0), (7, 1), (4, 2), (5, 3), (6, 2), (7, 3)]
singles alt: [(4, 0), (5, 1), (6, 0), (7, 1), (4, 2), (5, 3), (6, 2), (7, 3)]
singles alt: [(4, 0), (5, 1), (6, 0), (7, 1), (4, 2), (5, 3), (6, 2), (7, 3)]
singles alt: [(4, 0), (5, 1), (6, 0), (7, 1), (4, 2), (5, 3), (6, 2), (7, 3)]
singles alt: [(4, 0), (5, 1), (6, 0), (7, 1), (4, 2), (5, 3), (6, 2), (7, 3)]
singles alt: [(4, 0), (5, 1), (6, 0), (7, 1), (4, 2), (5, 3), (6, 2), (7, 3)]
singles alt: [(4, 0), (5, 1), (6, 0), (7, 1), (4, 2), (5, 3), (6, 2), (7, 3)]
singles alt: [(4, 0), (5, 1), (6, 0), (7, 1), (4, 2), (5, 3), (6, 2), (7, 3)]
singles alt: [(4, 0), (5, 1), (6, 0), (7, 1), (4, 2), (5, 3), (6, 2), (7, 3)]
callback: energy=-1.871111219566
singles alt: [(4, 0), (5, 1), (6, 0), (7, 1), (4, 2), (5, 3), (6, 2), (7, 3)]
singles alt: [(4, 0), (5, 1), (6, 0), (7, 1), (4, 2), (5, 3), (6, 2), (7, 3)]
singles alt: [(4, 0), (5, 1), (6, 0), (7, 1), (4, 2), (5, 3), (6, 2), (7, 3)]
singles alt: [(4, 0), (5, 1), (6, 0), (7, 1), (4, 2), (5, 3), (6, 2), (7, 3)]
singles alt: [(4, 0), (5, 1), (6, 0), (7, 1), (4, 2), (5, 3), (6, 2), (7, 3)]
singles alt: [(4, 0), (5, 1), (6, 0), (7, 1), (4, 2), (5, 3), (6, 2), (7, 3)]
singles alt: [(4, 0), (5, 1), (6, 0), (7, 1), (4, 2), (5, 3), (6, 2), (7, 3)]
singles alt: [(4, 0), (5, 1), (6, 0), (7, 1), (4, 2), (5, 3), (6, 2), (7, 3)]
singles alt: [(4, 0), (5, 1), (6, 0), (7, 1), (4, 2), (5, 3), (6, 2), (7, 3)]
singles alt: [(4, 0), (5, 1), (6, 0), (7, 1), (4, 2), (5, 3), (6, 2), (7, 3)]
singles alt: [(4, 0), (5, 1), (6, 0), (7, 1), (4, 2), (5, 3), (6, 2), (7, 3)]
singles alt: [(4, 0), (5, 1), (6, 0), (7, 1), (4, 2), (5, 3), (6, 2), (7, 3)]
singles alt: [(4, 0), (5, 1), (6, 0), (7, 1), (4, 2), (5, 3), (6, 2), (7, 3)]
singles alt: [(4, 0), (5, 1), (6, 0), (7, 1), (4, 2), (5, 3), (6, 2), (7, 3)]
singles alt: [(4, 0), (5, 1), (6, 0), (7, 1), (4, 2), (5, 3), (6, 2), (7, 3)]
singles alt: [(4, 0), (5, 1), (6, 0), (7, 1), (4, 2), (5, 3), (6, 2), (7, 3)]
singles alt: [(4, 0), (5, 1), (6, 0), (7, 1), (4, 2), (5, 3), (6, 2), (7, 3)]
singles alt: [(4, 0), (5, 1), (6, 0), (7, 1), (4, 2), (5, 3), (6, 2), (7, 3)]
singles alt: [(4, 0), (5, 1), (6, 0), (7, 1), (4, 2), (5, 3), (6, 2), (7, 3)]
singles alt: [(4, 0), (5, 1), (6, 0), (7, 1), (4, 2), (5, 3), (6, 2), (7, 3)]
singles alt: [(4, 0), (5, 1), (6, 0), (7, 1), (4, 2), (5, 3), (6, 2), (7, 3)]
singles alt: [(4, 0), (5, 1), (6, 0), (7, 1), (4, 2), (5, 3), (6, 2), (7, 3)]
singles alt: [(4, 0), (5, 1), (6, 0), (7, 1), (4, 2), (5, 3), (6, 2), (7, 3)]
singles alt: [(4, 0), (5, 1), (6, 0), (7, 1), (4, 2), (5, 3), (6, 2), (7, 3)]
singles alt: [(4, 0), (5, 1), (6, 0), (7, 1), (4, 2), (5, 3), (6, 2), (7, 3)]
singles alt: [(4, 0), (5, 1), (6, 0), (7, 1), (4, 2), (5, 3), (6, 2), (7, 3)]
singles alt: [(4, 0), (5, 1), (6, 0), (7, 1), (4, 2), (5, 3), (6, 2), (7, 3)]
singles alt: [(4, 0), (5, 1), (6, 0), (7, 1), (4, 2), (5, 3), (6, 2), (7, 3)]
callback: energy=-1.871111644633
singles alt: [(4, 0), (5, 1), (6, 0), (7, 1), (4, 2), (5, 3), (6, 2), (7, 3)]
singles alt: [(4, 0), (5, 1), (6, 0), (7, 1), (4, 2), (5, 3), (6, 2), (7, 3)]
singles alt: [(4, 0), (5, 1), (6, 0), (7, 1), (4, 2), (5, 3), (6, 2), (7, 3)]
singles alt: [(4, 0), (5, 1), (6, 0), (7, 1), (4, 2), (5, 3), (6, 2), (7, 3)]
singles alt: [(4, 0), (5, 1), (6, 0), (7, 1), (4, 2), (5, 3), (6, 2), (7, 3)]
singles alt: [(4, 0), (5, 1), (6, 0), (7, 1), (4, 2), (5, 3), (6, 2), (7, 3)]
singles alt: [(4, 0), (5, 1), (6, 0), (7, 1), (4, 2), (5, 3), (6, 2), (7, 3)]
singles alt: [(4, 0), (5, 1), (6, 0), (7, 1), (4, 2), (5, 3), (6, 2), (7, 3)]
singles alt: [(4, 0), (5, 1), (6, 0), (7, 1), (4, 2), (5, 3), (6, 2), (7, 3)]
singles alt: [(4, 0), (5, 1), (6, 0), (7, 1), (4, 2), (5, 3), (6, 2), (7, 3)]
singles alt: [(4, 0), (5, 1), (6, 0), (7, 1), (4, 2), (5, 3), (6, 2), (7, 3)]
singles alt: [(4, 0), (5, 1), (6, 0), (7, 1), (4, 2), (5, 3), (6, 2), (7, 3)]
singles alt: [(4, 0), (5, 1), (6, 0), (7, 1), (4, 2), (5, 3), (6, 2), (7, 3)]
singles alt: [(4, 0), (5, 1), (6, 0), (7, 1), (4, 2), (5, 3), (6, 2), (7, 3)]
singles alt: [(4, 0), (5, 1), (6, 0), (7, 1), (4, 2), (5, 3), (6, 2), (7, 3)]
singles alt: [(4, 0), (5, 1), (6, 0), (7, 1), (4, 2), (5, 3), (6, 2), (7, 3)]
singles alt: [(4, 0), (5, 1), (6, 0), (7, 1), (4, 2), (5, 3), (6, 2), (7, 3)]
singles alt: [(4, 0), (5, 1), (6, 0), (7, 1), (4, 2), (5, 3), (6, 2), (7, 3)]
singles alt: [(4, 0), (5, 1), (6, 0), (7, 1), (4, 2), (5, 3), (6, 2), (7, 3)]
singles alt: [(4, 0), (5, 1), (6, 0), (7, 1), (4, 2), (5, 3), (6, 2), (7, 3)]
singles alt: [(4, 0), (5, 1), (6, 0), (7, 1), (4, 2), (5, 3), (6, 2), (7, 3)]
singles alt: [(4, 0), (5, 1), (6, 0), (7, 1), (4, 2), (5, 3), (6, 2), (7, 3)]
singles alt: [(4, 0), (5, 1), (6, 0), (7, 1), (4, 2), (5, 3), (6, 2), (7, 3)]
singles alt: [(4, 0), (5, 1), (6, 0), (7, 1), (4, 2), (5, 3), (6, 2), (7, 3)]
singles alt: [(4, 0), (5, 1), (6, 0), (7, 1), (4, 2), (5, 3), (6, 2), (7, 3)]
singles alt: [(4, 0), (5, 1), (6, 0), (7, 1), (4, 2), (5, 3), (6, 2), (7, 3)]
singles alt: [(4, 0), (5, 1), (6, 0), (7, 1), (4, 2), (5, 3), (6, 2), (7, 3)]
singles alt: [(4, 0), (5, 1), (6, 0), (7, 1), (4, 2), (5, 3), (6, 2), (7, 3)]
callback: energy=-1.871111695780
singles alt: [(4, 0), (5, 1), (6, 0), (7, 1), (4, 2), (5, 3), (6, 2), (7, 3)]
singles alt: [(4, 0), (5, 1), (6, 0), (7, 1), (4, 2), (5, 3), (6, 2), (7, 3)]
singles alt: [(4, 0), (5, 1), (6, 0), (7, 1), (4, 2), (5, 3), (6, 2), (7, 3)]
singles alt: [(4, 0), (5, 1), (6, 0), (7, 1), (4, 2), (5, 3), (6, 2), (7, 3)]
singles alt: [(4, 0), (5, 1), (6, 0), (7, 1), (4, 2), (5, 3), (6, 2), (7, 3)]
singles alt: [(4, 0), (5, 1), (6, 0), (7, 1), (4, 2), (5, 3), (6, 2), (7, 3)]
singles alt: [(4, 0), (5, 1), (6, 0), (7, 1), (4, 2), (5, 3), (6, 2), (7, 3)]
singles alt: [(4, 0), (5, 1), (6, 0), (7, 1), (4, 2), (5, 3), (6, 2), (7, 3)]
singles alt: [(4, 0), (5, 1), (6, 0), (7, 1), (4, 2), (5, 3), (6, 2), (7, 3)]
singles alt: [(4, 0), (5, 1), (6, 0), (7, 1), (4, 2), (5, 3), (6, 2), (7, 3)]
singles alt: [(4, 0), (5, 1), (6, 0), (7, 1), (4, 2), (5, 3), (6, 2), (7, 3)]
singles alt: [(4, 0), (5, 1), (6, 0), (7, 1), (4, 2), (5, 3), (6, 2), (7, 3)]
singles alt: [(4, 0), (5, 1), (6, 0), (7, 1), (4, 2), (5, 3), (6, 2), (7, 3)]
singles alt: [(4, 0), (5, 1), (6, 0), (7, 1), (4, 2), (5, 3), (6, 2), (7, 3)]
singles alt: [(4, 0), (5, 1), (6, 0), (7, 1), (4, 2), (5, 3), (6, 2), (7, 3)]
singles alt: [(4, 0), (5, 1), (6, 0), (7, 1), (4, 2), (5, 3), (6, 2), (7, 3)]
singles alt: [(4, 0), (5, 1), (6, 0), (7, 1), (4, 2), (5, 3), (6, 2), (7, 3)]
singles alt: [(4, 0), (5, 1), (6, 0), (7, 1), (4, 2), (5, 3), (6, 2), (7, 3)]
singles alt: [(4, 0), (5, 1), (6, 0), (7, 1), (4, 2), (5, 3), (6, 2), (7, 3)]
singles alt: [(4, 0), (5, 1), (6, 0), (7, 1), (4, 2), (5, 3), (6, 2), (7, 3)]
singles alt: [(4, 0), (5, 1), (6, 0), (7, 1), (4, 2), (5, 3), (6, 2), (7, 3)]
singles alt: [(4, 0), (5, 1), (6, 0), (7, 1), (4, 2), (5, 3), (6, 2), (7, 3)]
singles alt: [(4, 0), (5, 1), (6, 0), (7, 1), (4, 2), (5, 3), (6, 2), (7, 3)]
singles alt: [(4, 0), (5, 1), (6, 0), (7, 1), (4, 2), (5, 3), (6, 2), (7, 3)]
singles alt: [(4, 0), (5, 1), (6, 0), (7, 1), (4, 2), (5, 3), (6, 2), (7, 3)]
singles alt: [(4, 0), (5, 1), (6, 0), (7, 1), (4, 2), (5, 3), (6, 2), (7, 3)]
singles alt: [(4, 0), (5, 1), (6, 0), (7, 1), (4, 2), (5, 3), (6, 2), (7, 3)]
singles alt: [(4, 0), (5, 1), (6, 0), (7, 1), (4, 2), (5, 3), (6, 2), (7, 3)]
singles alt: [(4, 0), (5, 1), (6, 0), (7, 1), (4, 2), (5, 3), (6, 2), (7, 3)]
singles alt: [(4, 0), (5, 1), (6, 0), (7, 1), (4, 2), (5, 3), (6, 2), (7, 3)]
singles alt: [(4, 0), (5, 1), (6, 0), (7, 1), (4, 2), (5, 3), (6, 2), (7, 3)]
singles alt: [(4, 0), (5, 1), (6, 0), (7, 1), (4, 2), (5, 3), (6, 2), (7, 3)]
singles alt: [(4, 0), (5, 1), (6, 0), (7, 1), (4, 2), (5, 3), (6, 2), (7, 3)]
singles alt: [(4, 0), (5, 1), (6, 0), (7, 1), (4, 2), (5, 3), (6, 2), (7, 3)]
singles alt: [(4, 0), (5, 1), (6, 0), (7, 1), (4, 2), (5, 3), (6, 2), (7, 3)]
singles alt: [(4, 0), (5, 1), (6, 0), (7, 1), (4, 2), (5, 3), (6, 2), (7, 3)]
singles alt: [(4, 0), (5, 1), (6, 0), (7, 1), (4, 2), (5, 3), (6, 2), (7, 3)]
singles alt: [(4, 0), (5, 1), (6, 0), (7, 1), (4, 2), (5, 3), (6, 2), (7, 3)]
singles alt: [(4, 0), (5, 1), (6, 0), (7, 1), (4, 2), (5, 3), (6, 2), (7, 3)]
singles alt: [(4, 0), (5, 1), (6, 0), (7, 1), (4, 2), (5, 3), (6, 2), (7, 3)]
singles alt: [(4, 0), (5, 1), (6, 0), (7, 1), (4, 2), (5, 3), (6, 2), (7, 3)]
singles alt: [(4, 0), (5, 1), (6, 0), (7, 1), (4, 2), (5, 3), (6, 2), (7, 3)]
singles alt: [(4, 0), (5, 1), (6, 0), (7, 1), (4, 2), (5, 3), (6, 2), (7, 3)]
singles alt: [(4, 0), (5, 1), (6, 0), (7, 1), (4, 2), (5, 3), (6, 2), (7, 3)]
singles alt: [(4, 0), (5, 1), (6, 0), (7, 1), (4, 2), (5, 3), (6, 2), (7, 3)]
singles alt: [(4, 0), (5, 1), (6, 0), (7, 1), (4, 2), (5, 3), (6, 2), (7, 3)]
singles alt: [(4, 0), (5, 1), (6, 0), (7, 1), (4, 2), (5, 3), (6, 2), (7, 3)]
singles alt: [(4, 0), (5, 1), (6, 0), (7, 1), (4, 2), (5, 3), (6, 2), (7, 3)]
singles alt: [(4, 0), (5, 1), (6, 0), (7, 1), (4, 2), (5, 3), (6, 2), (7, 3)]
singles alt: [(4, 0), (5, 1), (6, 0), (7, 1), (4, 2), (5, 3), (6, 2), (7, 3)]
singles alt: [(4, 0), (5, 1), (6, 0), (7, 1), (4, 2), (5, 3), (6, 2), (7, 3)]
singles alt: [(4, 0), (5, 1), (6, 0), (7, 1), (4, 2), (5, 3), (6, 2), (7, 3)]
singles alt: [(4, 0), (5, 1), (6, 0), (7, 1), (4, 2), (5, 3), (6, 2), (7, 3)]
singles alt: [(4, 0), (5, 1), (6, 0), (7, 1), (4, 2), (5, 3), (6, 2), (7, 3)]
singles alt: [(4, 0), (5, 1), (6, 0), (7, 1), (4, 2), (5, 3), (6, 2), (7, 3)]
callback: energy=-1.871112109808
singles alt: [(4, 0), (5, 1), (6, 0), (7, 1), (4, 2), (5, 3), (6, 2), (7, 3)]
singles alt: [(4, 0), (5, 1), (6, 0), (7, 1), (4, 2), (5, 3), (6, 2), (7, 3)]
singles alt: [(4, 0), (5, 1), (6, 0), (7, 1), (4, 2), (5, 3), (6, 2), (7, 3)]
singles alt: [(4, 0), (5, 1), (6, 0), (7, 1), (4, 2), (5, 3), (6, 2), (7, 3)]
singles alt: [(4, 0), (5, 1), (6, 0), (7, 1), (4, 2), (5, 3), (6, 2), (7, 3)]
singles alt: [(4, 0), (5, 1), (6, 0), (7, 1), (4, 2), (5, 3), (6, 2), (7, 3)]
singles alt: [(4, 0), (5, 1), (6, 0), (7, 1), (4, 2), (5, 3), (6, 2), (7, 3)]
singles alt: [(4, 0), (5, 1), (6, 0), (7, 1), (4, 2), (5, 3), (6, 2), (7, 3)]
singles alt: [(4, 0), (5, 1), (6, 0), (7, 1), (4, 2), (5, 3), (6, 2), (7, 3)]
singles alt: [(4, 0), (5, 1), (6, 0), (7, 1), (4, 2), (5, 3), (6, 2), (7, 3)]
singles alt: [(4, 0), (5, 1), (6, 0), (7, 1), (4, 2), (5, 3), (6, 2), (7, 3)]
singles alt: [(4, 0), (5, 1), (6, 0), (7, 1), (4, 2), (5, 3), (6, 2), (7, 3)]
singles alt: [(4, 0), (5, 1), (6, 0), (7, 1), (4, 2), (5, 3), (6, 2), (7, 3)]
singles alt: [(4, 0), (5, 1), (6, 0), (7, 1), (4, 2), (5, 3), (6, 2), (7, 3)]
singles alt: [(4, 0), (5, 1), (6, 0), (7, 1), (4, 2), (5, 3), (6, 2), (7, 3)]
singles alt: [(4, 0), (5, 1), (6, 0), (7, 1), (4, 2), (5, 3), (6, 2), (7, 3)]
singles alt: [(4, 0), (5, 1), (6, 0), (7, 1), (4, 2), (5, 3), (6, 2), (7, 3)]
singles alt: [(4, 0), (5, 1), (6, 0), (7, 1), (4, 2), (5, 3), (6, 2), (7, 3)]
singles alt: [(4, 0), (5, 1), (6, 0), (7, 1), (4, 2), (5, 3), (6, 2), (7, 3)]
singles alt: [(4, 0), (5, 1), (6, 0), (7, 1), (4, 2), (5, 3), (6, 2), (7, 3)]
singles alt: [(4, 0), (5, 1), (6, 0), (7, 1), (4, 2), (5, 3), (6, 2), (7, 3)]
singles alt: [(4, 0), (5, 1), (6, 0), (7, 1), (4, 2), (5, 3), (6, 2), (7, 3)]
singles alt: [(4, 0), (5, 1), (6, 0), (7, 1), (4, 2), (5, 3), (6, 2), (7, 3)]
singles alt: [(4, 0), (5, 1), (6, 0), (7, 1), (4, 2), (5, 3), (6, 2), (7, 3)]
singles alt: [(4, 0), (5, 1), (6, 0), (7, 1), (4, 2), (5, 3), (6, 2), (7, 3)]
singles alt: [(4, 0), (5, 1), (6, 0), (7, 1), (4, 2), (5, 3), (6, 2), (7, 3)]
singles alt: [(4, 0), (5, 1), (6, 0), (7, 1), (4, 2), (5, 3), (6, 2), (7, 3)]
singles alt: [(4, 0), (5, 1), (6, 0), (7, 1), (4, 2), (5, 3), (6, 2), (7, 3)]
callback: energy=-1.871112795488
singles alt: [(4, 0), (5, 1), (6, 0), (7, 1), (4, 2), (5, 3), (6, 2), (7, 3)]
singles alt: [(4, 0), (5, 1), (6, 0), (7, 1), (4, 2), (5, 3), (6, 2), (7, 3)]
singles alt: [(4, 0), (5, 1), (6, 0), (7, 1), (4, 2), (5, 3), (6, 2), (7, 3)]
singles alt: [(4, 0), (5, 1), (6, 0), (7, 1), (4, 2), (5, 3), (6, 2), (7, 3)]
singles alt: [(4, 0), (5, 1), (6, 0), (7, 1), (4, 2), (5, 3), (6, 2), (7, 3)]
singles alt: [(4, 0), (5, 1), (6, 0), (7, 1), (4, 2), (5, 3), (6, 2), (7, 3)]
singles alt: [(4, 0), (5, 1), (6, 0), (7, 1), (4, 2), (5, 3), (6, 2), (7, 3)]
singles alt: [(4, 0), (5, 1), (6, 0), (7, 1), (4, 2), (5, 3), (6, 2), (7, 3)]
singles alt: [(4, 0), (5, 1), (6, 0), (7, 1), (4, 2), (5, 3), (6, 2), (7, 3)]
singles alt: [(4, 0), (5, 1), (6, 0), (7, 1), (4, 2), (5, 3), (6, 2), (7, 3)]
singles alt: [(4, 0), (5, 1), (6, 0), (7, 1), (4, 2), (5, 3), (6, 2), (7, 3)]
singles alt: [(4, 0), (5, 1), (6, 0), (7, 1), (4, 2), (5, 3), (6, 2), (7, 3)]
singles alt: [(4, 0), (5, 1), (6, 0), (7, 1), (4, 2), (5, 3), (6, 2), (7, 3)]
singles alt: [(4, 0), (5, 1), (6, 0), (7, 1), (4, 2), (5, 3), (6, 2), (7, 3)]
singles alt: [(4, 0), (5, 1), (6, 0), (7, 1), (4, 2), (5, 3), (6, 2), (7, 3)]
singles alt: [(4, 0), (5, 1), (6, 0), (7, 1), (4, 2), (5, 3), (6, 2), (7, 3)]
singles alt: [(4, 0), (5, 1), (6, 0), (7, 1), (4, 2), (5, 3), (6, 2), (7, 3)]
singles alt: [(4, 0), (5, 1), (6, 0), (7, 1), (4, 2), (5, 3), (6, 2), (7, 3)]
singles alt: [(4, 0), (5, 1), (6, 0), (7, 1), (4, 2), (5, 3), (6, 2), (7, 3)]
singles alt: [(4, 0), (5, 1), (6, 0), (7, 1), (4, 2), (5, 3), (6, 2), (7, 3)]
singles alt: [(4, 0), (5, 1), (6, 0), (7, 1), (4, 2), (5, 3), (6, 2), (7, 3)]
singles alt: [(4, 0), (5, 1), (6, 0), (7, 1), (4, 2), (5, 3), (6, 2), (7, 3)]
singles alt: [(4, 0), (5, 1), (6, 0), (7, 1), (4, 2), (5, 3), (6, 2), (7, 3)]
singles alt: [(4, 0), (5, 1), (6, 0), (7, 1), (4, 2), (5, 3), (6, 2), (7, 3)]
singles alt: [(4, 0), (5, 1), (6, 0), (7, 1), (4, 2), (5, 3), (6, 2), (7, 3)]
singles alt: [(4, 0), (5, 1), (6, 0), (7, 1), (4, 2), (5, 3), (6, 2), (7, 3)]
singles alt: [(4, 0), (5, 1), (6, 0), (7, 1), (4, 2), (5, 3), (6, 2), (7, 3)]
singles alt: [(4, 0), (5, 1), (6, 0), (7, 1), (4, 2), (5, 3), (6, 2), (7, 3)]
callback: energy=-1.871113877966
singles alt: [(4, 0), (5, 1), (6, 0), (7, 1), (4, 2), (5, 3), (6, 2), (7, 3)]
singles alt: [(4, 0), (5, 1), (6, 0), (7, 1), (4, 2), (5, 3), (6, 2), (7, 3)]
singles alt: [(4, 0), (5, 1), (6, 0), (7, 1), (4, 2), (5, 3), (6, 2), (7, 3)]
singles alt: [(4, 0), (5, 1), (6, 0), (7, 1), (4, 2), (5, 3), (6, 2), (7, 3)]
singles alt: [(4, 0), (5, 1), (6, 0), (7, 1), (4, 2), (5, 3), (6, 2), (7, 3)]
singles alt: [(4, 0), (5, 1), (6, 0), (7, 1), (4, 2), (5, 3), (6, 2), (7, 3)]
singles alt: [(4, 0), (5, 1), (6, 0), (7, 1), (4, 2), (5, 3), (6, 2), (7, 3)]
singles alt: [(4, 0), (5, 1), (6, 0), (7, 1), (4, 2), (5, 3), (6, 2), (7, 3)]
singles alt: [(4, 0), (5, 1), (6, 0), (7, 1), (4, 2), (5, 3), (6, 2), (7, 3)]
singles alt: [(4, 0), (5, 1), (6, 0), (7, 1), (4, 2), (5, 3), (6, 2), (7, 3)]
singles alt: [(4, 0), (5, 1), (6, 0), (7, 1), (4, 2), (5, 3), (6, 2), (7, 3)]
singles alt: [(4, 0), (5, 1), (6, 0), (7, 1), (4, 2), (5, 3), (6, 2), (7, 3)]
singles alt: [(4, 0), (5, 1), (6, 0), (7, 1), (4, 2), (5, 3), (6, 2), (7, 3)]
singles alt: [(4, 0), (5, 1), (6, 0), (7, 1), (4, 2), (5, 3), (6, 2), (7, 3)]
singles alt: [(4, 0), (5, 1), (6, 0), (7, 1), (4, 2), (5, 3), (6, 2), (7, 3)]
singles alt: [(4, 0), (5, 1), (6, 0), (7, 1), (4, 2), (5, 3), (6, 2), (7, 3)]
singles alt: [(4, 0), (5, 1), (6, 0), (7, 1), (4, 2), (5, 3), (6, 2), (7, 3)]
singles alt: [(4, 0), (5, 1), (6, 0), (7, 1), (4, 2), (5, 3), (6, 2), (7, 3)]
singles alt: [(4, 0), (5, 1), (6, 0), (7, 1), (4, 2), (5, 3), (6, 2), (7, 3)]
singles alt: [(4, 0), (5, 1), (6, 0), (7, 1), (4, 2), (5, 3), (6, 2), (7, 3)]
singles alt: [(4, 0), (5, 1), (6, 0), (7, 1), (4, 2), (5, 3), (6, 2), (7, 3)]
singles alt: [(4, 0), (5, 1), (6, 0), (7, 1), (4, 2), (5, 3), (6, 2), (7, 3)]
singles alt: [(4, 0), (5, 1), (6, 0), (7, 1), (4, 2), (5, 3), (6, 2), (7, 3)]
singles alt: [(4, 0), (5, 1), (6, 0), (7, 1), (4, 2), (5, 3), (6, 2), (7, 3)]
singles alt: [(4, 0), (5, 1), (6, 0), (7, 1), (4, 2), (5, 3), (6, 2), (7, 3)]
singles alt: [(4, 0), (5, 1), (6, 0), (7, 1), (4, 2), (5, 3), (6, 2), (7, 3)]
singles alt: [(4, 0), (5, 1), (6, 0), (7, 1), (4, 2), (5, 3), (6, 2), (7, 3)]
singles alt: [(4, 0), (5, 1), (6, 0), (7, 1), (4, 2), (5, 3), (6, 2), (7, 3)]
callback: energy=-1.871115101393
singles alt: [(4, 0), (5, 1), (6, 0), (7, 1), (4, 2), (5, 3), (6, 2), (7, 3)]
singles alt: [(4, 0), (5, 1), (6, 0), (7, 1), (4, 2), (5, 3), (6, 2), (7, 3)]
singles alt: [(4, 0), (5, 1), (6, 0), (7, 1), (4, 2), (5, 3), (6, 2), (7, 3)]
singles alt: [(4, 0), (5, 1), (6, 0), (7, 1), (4, 2), (5, 3), (6, 2), (7, 3)]
singles alt: [(4, 0), (5, 1), (6, 0), (7, 1), (4, 2), (5, 3), (6, 2), (7, 3)]
singles alt: [(4, 0), (5, 1), (6, 0), (7, 1), (4, 2), (5, 3), (6, 2), (7, 3)]
singles alt: [(4, 0), (5, 1), (6, 0), (7, 1), (4, 2), (5, 3), (6, 2), (7, 3)]
singles alt: [(4, 0), (5, 1), (6, 0), (7, 1), (4, 2), (5, 3), (6, 2), (7, 3)]
singles alt: [(4, 0), (5, 1), (6, 0), (7, 1), (4, 2), (5, 3), (6, 2), (7, 3)]
singles alt: [(4, 0), (5, 1), (6, 0), (7, 1), (4, 2), (5, 3), (6, 2), (7, 3)]
singles alt: [(4, 0), (5, 1), (6, 0), (7, 1), (4, 2), (5, 3), (6, 2), (7, 3)]
singles alt: [(4, 0), (5, 1), (6, 0), (7, 1), (4, 2), (5, 3), (6, 2), (7, 3)]
singles alt: [(4, 0), (5, 1), (6, 0), (7, 1), (4, 2), (5, 3), (6, 2), (7, 3)]
singles alt: [(4, 0), (5, 1), (6, 0), (7, 1), (4, 2), (5, 3), (6, 2), (7, 3)]
singles alt: [(4, 0), (5, 1), (6, 0), (7, 1), (4, 2), (5, 3), (6, 2), (7, 3)]
singles alt: [(4, 0), (5, 1), (6, 0), (7, 1), (4, 2), (5, 3), (6, 2), (7, 3)]
singles alt: [(4, 0), (5, 1), (6, 0), (7, 1), (4, 2), (5, 3), (6, 2), (7, 3)]
singles alt: [(4, 0), (5, 1), (6, 0), (7, 1), (4, 2), (5, 3), (6, 2), (7, 3)]
singles alt: [(4, 0), (5, 1), (6, 0), (7, 1), (4, 2), (5, 3), (6, 2), (7, 3)]
singles alt: [(4, 0), (5, 1), (6, 0), (7, 1), (4, 2), (5, 3), (6, 2), (7, 3)]
singles alt: [(4, 0), (5, 1), (6, 0), (7, 1), (4, 2), (5, 3), (6, 2), (7, 3)]
singles alt: [(4, 0), (5, 1), (6, 0), (7, 1), (4, 2), (5, 3), (6, 2), (7, 3)]
singles alt: [(4, 0), (5, 1), (6, 0), (7, 1), (4, 2), (5, 3), (6, 2), (7, 3)]
singles alt: [(4, 0), (5, 1), (6, 0), (7, 1), (4, 2), (5, 3), (6, 2), (7, 3)]
singles alt: [(4, 0), (5, 1), (6, 0), (7, 1), (4, 2), (5, 3), (6, 2), (7, 3)]
singles alt: [(4, 0), (5, 1), (6, 0), (7, 1), (4, 2), (5, 3), (6, 2), (7, 3)]
singles alt: [(4, 0), (5, 1), (6, 0), (7, 1), (4, 2), (5, 3), (6, 2), (7, 3)]
singles alt: [(4, 0), (5, 1), (6, 0), (7, 1), (4, 2), (5, 3), (6, 2), (7, 3)]
callback: energy=-1.871115657009
singles alt: [(4, 0), (5, 1), (6, 0), (7, 1), (4, 2), (5, 3), (6, 2), (7, 3)]
singles alt: [(4, 0), (5, 1), (6, 0), (7, 1), (4, 2), (5, 3), (6, 2), (7, 3)]
singles alt: [(4, 0), (5, 1), (6, 0), (7, 1), (4, 2), (5, 3), (6, 2), (7, 3)]
singles alt: [(4, 0), (5, 1), (6, 0), (7, 1), (4, 2), (5, 3), (6, 2), (7, 3)]
singles alt: [(4, 0), (5, 1), (6, 0), (7, 1), (4, 2), (5, 3), (6, 2), (7, 3)]
singles alt: [(4, 0), (5, 1), (6, 0), (7, 1), (4, 2), (5, 3), (6, 2), (7, 3)]
singles alt: [(4, 0), (5, 1), (6, 0), (7, 1), (4, 2), (5, 3), (6, 2), (7, 3)]
singles alt: [(4, 0), (5, 1), (6, 0), (7, 1), (4, 2), (5, 3), (6, 2), (7, 3)]
singles alt: [(4, 0), (5, 1), (6, 0), (7, 1), (4, 2), (5, 3), (6, 2), (7, 3)]
singles alt: [(4, 0), (5, 1), (6, 0), (7, 1), (4, 2), (5, 3), (6, 2), (7, 3)]
singles alt: [(4, 0), (5, 1), (6, 0), (7, 1), (4, 2), (5, 3), (6, 2), (7, 3)]
singles alt: [(4, 0), (5, 1), (6, 0), (7, 1), (4, 2), (5, 3), (6, 2), (7, 3)]
singles alt: [(4, 0), (5, 1), (6, 0), (7, 1), (4, 2), (5, 3), (6, 2), (7, 3)]
singles alt: [(4, 0), (5, 1), (6, 0), (7, 1), (4, 2), (5, 3), (6, 2), (7, 3)]
singles alt: [(4, 0), (5, 1), (6, 0), (7, 1), (4, 2), (5, 3), (6, 2), (7, 3)]
singles alt: [(4, 0), (5, 1), (6, 0), (7, 1), (4, 2), (5, 3), (6, 2), (7, 3)]
singles alt: [(4, 0), (5, 1), (6, 0), (7, 1), (4, 2), (5, 3), (6, 2), (7, 3)]
singles alt: [(4, 0), (5, 1), (6, 0), (7, 1), (4, 2), (5, 3), (6, 2), (7, 3)]
singles alt: [(4, 0), (5, 1), (6, 0), (7, 1), (4, 2), (5, 3), (6, 2), (7, 3)]
singles alt: [(4, 0), (5, 1), (6, 0), (7, 1), (4, 2), (5, 3), (6, 2), (7, 3)]
singles alt: [(4, 0), (5, 1), (6, 0), (7, 1), (4, 2), (5, 3), (6, 2), (7, 3)]
singles alt: [(4, 0), (5, 1), (6, 0), (7, 1), (4, 2), (5, 3), (6, 2), (7, 3)]
singles alt: [(4, 0), (5, 1), (6, 0), (7, 1), (4, 2), (5, 3), (6, 2), (7, 3)]
singles alt: [(4, 0), (5, 1), (6, 0), (7, 1), (4, 2), (5, 3), (6, 2), (7, 3)]
singles alt: [(4, 0), (5, 1), (6, 0), (7, 1), (4, 2), (5, 3), (6, 2), (7, 3)]
singles alt: [(4, 0), (5, 1), (6, 0), (7, 1), (4, 2), (5, 3), (6, 2), (7, 3)]
singles alt: [(4, 0), (5, 1), (6, 0), (7, 1), (4, 2), (5, 3), (6, 2), (7, 3)]
singles alt: [(4, 0), (5, 1), (6, 0), (7, 1), (4, 2), (5, 3), (6, 2), (7, 3)]
callback: energy=-1.871115928260
singles alt: [(4, 0), (5, 1), (6, 0), (7, 1), (4, 2), (5, 3), (6, 2), (7, 3)]
singles alt: [(4, 0), (5, 1), (6, 0), (7, 1), (4, 2), (5, 3), (6, 2), (7, 3)]
singles alt: [(4, 0), (5, 1), (6, 0), (7, 1), (4, 2), (5, 3), (6, 2), (7, 3)]
singles alt: [(4, 0), (5, 1), (6, 0), (7, 1), (4, 2), (5, 3), (6, 2), (7, 3)]
singles alt: [(4, 0), (5, 1), (6, 0), (7, 1), (4, 2), (5, 3), (6, 2), (7, 3)]
singles alt: [(4, 0), (5, 1), (6, 0), (7, 1), (4, 2), (5, 3), (6, 2), (7, 3)]
singles alt: [(4, 0), (5, 1), (6, 0), (7, 1), (4, 2), (5, 3), (6, 2), (7, 3)]
singles alt: [(4, 0), (5, 1), (6, 0), (7, 1), (4, 2), (5, 3), (6, 2), (7, 3)]
singles alt: [(4, 0), (5, 1), (6, 0), (7, 1), (4, 2), (5, 3), (6, 2), (7, 3)]
singles alt: [(4, 0), (5, 1), (6, 0), (7, 1), (4, 2), (5, 3), (6, 2), (7, 3)]
singles alt: [(4, 0), (5, 1), (6, 0), (7, 1), (4, 2), (5, 3), (6, 2), (7, 3)]
singles alt: [(4, 0), (5, 1), (6, 0), (7, 1), (4, 2), (5, 3), (6, 2), (7, 3)]
singles alt: [(4, 0), (5, 1), (6, 0), (7, 1), (4, 2), (5, 3), (6, 2), (7, 3)]
singles alt: [(4, 0), (5, 1), (6, 0), (7, 1), (4, 2), (5, 3), (6, 2), (7, 3)]
singles alt: [(4, 0), (5, 1), (6, 0), (7, 1), (4, 2), (5, 3), (6, 2), (7, 3)]
singles alt: [(4, 0), (5, 1), (6, 0), (7, 1), (4, 2), (5, 3), (6, 2), (7, 3)]
singles alt: [(4, 0), (5, 1), (6, 0), (7, 1), (4, 2), (5, 3), (6, 2), (7, 3)]
singles alt: [(4, 0), (5, 1), (6, 0), (7, 1), (4, 2), (5, 3), (6, 2), (7, 3)]
singles alt: [(4, 0), (5, 1), (6, 0), (7, 1), (4, 2), (5, 3), (6, 2), (7, 3)]
singles alt: [(4, 0), (5, 1), (6, 0), (7, 1), (4, 2), (5, 3), (6, 2), (7, 3)]
singles alt: [(4, 0), (5, 1), (6, 0), (7, 1), (4, 2), (5, 3), (6, 2), (7, 3)]
singles alt: [(4, 0), (5, 1), (6, 0), (7, 1), (4, 2), (5, 3), (6, 2), (7, 3)]
singles alt: [(4, 0), (5, 1), (6, 0), (7, 1), (4, 2), (5, 3), (6, 2), (7, 3)]
singles alt: [(4, 0), (5, 1), (6, 0), (7, 1), (4, 2), (5, 3), (6, 2), (7, 3)]
singles alt: [(4, 0), (5, 1), (6, 0), (7, 1), (4, 2), (5, 3), (6, 2), (7, 3)]
singles alt: [(4, 0), (5, 1), (6, 0), (7, 1), (4, 2), (5, 3), (6, 2), (7, 3)]
singles alt: [(4, 0), (5, 1), (6, 0), (7, 1), (4, 2), (5, 3), (6, 2), (7, 3)]
singles alt: [(4, 0), (5, 1), (6, 0), (7, 1), (4, 2), (5, 3), (6, 2), (7, 3)]
callback: energy=-1.871116005732
singles alt: [(4, 0), (5, 1), (6, 0), (7, 1), (4, 2), (5, 3), (6, 2), (7, 3)]
singles alt: [(4, 0), (5, 1), (6, 0), (7, 1), (4, 2), (5, 3), (6, 2), (7, 3)]
singles alt: [(4, 0), (5, 1), (6, 0), (7, 1), (4, 2), (5, 3), (6, 2), (7, 3)]
singles alt: [(4, 0), (5, 1), (6, 0), (7, 1), (4, 2), (5, 3), (6, 2), (7, 3)]
singles alt: [(4, 0), (5, 1), (6, 0), (7, 1), (4, 2), (5, 3), (6, 2), (7, 3)]
singles alt: [(4, 0), (5, 1), (6, 0), (7, 1), (4, 2), (5, 3), (6, 2), (7, 3)]
singles alt: [(4, 0), (5, 1), (6, 0), (7, 1), (4, 2), (5, 3), (6, 2), (7, 3)]
singles alt: [(4, 0), (5, 1), (6, 0), (7, 1), (4, 2), (5, 3), (6, 2), (7, 3)]
singles alt: [(4, 0), (5, 1), (6, 0), (7, 1), (4, 2), (5, 3), (6, 2), (7, 3)]
singles alt: [(4, 0), (5, 1), (6, 0), (7, 1), (4, 2), (5, 3), (6, 2), (7, 3)]
singles alt: [(4, 0), (5, 1), (6, 0), (7, 1), (4, 2), (5, 3), (6, 2), (7, 3)]
singles alt: [(4, 0), (5, 1), (6, 0), (7, 1), (4, 2), (5, 3), (6, 2), (7, 3)]
singles alt: [(4, 0), (5, 1), (6, 0), (7, 1), (4, 2), (5, 3), (6, 2), (7, 3)]
singles alt: [(4, 0), (5, 1), (6, 0), (7, 1), (4, 2), (5, 3), (6, 2), (7, 3)]
singles alt: [(4, 0), (5, 1), (6, 0), (7, 1), (4, 2), (5, 3), (6, 2), (7, 3)]
singles alt: [(4, 0), (5, 1), (6, 0), (7, 1), (4, 2), (5, 3), (6, 2), (7, 3)]
singles alt: [(4, 0), (5, 1), (6, 0), (7, 1), (4, 2), (5, 3), (6, 2), (7, 3)]
singles alt: [(4, 0), (5, 1), (6, 0), (7, 1), (4, 2), (5, 3), (6, 2), (7, 3)]
singles alt: [(4, 0), (5, 1), (6, 0), (7, 1), (4, 2), (5, 3), (6, 2), (7, 3)]
singles alt: [(4, 0), (5, 1), (6, 0), (7, 1), (4, 2), (5, 3), (6, 2), (7, 3)]
singles alt: [(4, 0), (5, 1), (6, 0), (7, 1), (4, 2), (5, 3), (6, 2), (7, 3)]
singles alt: [(4, 0), (5, 1), (6, 0), (7, 1), (4, 2), (5, 3), (6, 2), (7, 3)]
singles alt: [(4, 0), (5, 1), (6, 0), (7, 1), (4, 2), (5, 3), (6, 2), (7, 3)]
singles alt: [(4, 0), (5, 1), (6, 0), (7, 1), (4, 2), (5, 3), (6, 2), (7, 3)]
singles alt: [(4, 0), (5, 1), (6, 0), (7, 1), (4, 2), (5, 3), (6, 2), (7, 3)]
singles alt: [(4, 0), (5, 1), (6, 0), (7, 1), (4, 2), (5, 3), (6, 2), (7, 3)]
singles alt: [(4, 0), (5, 1), (6, 0), (7, 1), (4, 2), (5, 3), (6, 2), (7, 3)]
singles alt: [(4, 0), (5, 1), (6, 0), (7, 1), (4, 2), (5, 3), (6, 2), (7, 3)]
callback: energy=-1.871116135308
singles alt: [(4, 0), (5, 1), (6, 0), (7, 1), (4, 2), (5, 3), (6, 2), (7, 3)]
singles alt: [(4, 0), (5, 1), (6, 0), (7, 1), (4, 2), (5, 3), (6, 2), (7, 3)]
singles alt: [(4, 0), (5, 1), (6, 0), (7, 1), (4, 2), (5, 3), (6, 2), (7, 3)]
singles alt: [(4, 0), (5, 1), (6, 0), (7, 1), (4, 2), (5, 3), (6, 2), (7, 3)]
singles alt: [(4, 0), (5, 1), (6, 0), (7, 1), (4, 2), (5, 3), (6, 2), (7, 3)]
singles alt: [(4, 0), (5, 1), (6, 0), (7, 1), (4, 2), (5, 3), (6, 2), (7, 3)]
singles alt: [(4, 0), (5, 1), (6, 0), (7, 1), (4, 2), (5, 3), (6, 2), (7, 3)]
singles alt: [(4, 0), (5, 1), (6, 0), (7, 1), (4, 2), (5, 3), (6, 2), (7, 3)]
singles alt: [(4, 0), (5, 1), (6, 0), (7, 1), (4, 2), (5, 3), (6, 2), (7, 3)]
singles alt: [(4, 0), (5, 1), (6, 0), (7, 1), (4, 2), (5, 3), (6, 2), (7, 3)]
singles alt: [(4, 0), (5, 1), (6, 0), (7, 1), (4, 2), (5, 3), (6, 2), (7, 3)]
singles alt: [(4, 0), (5, 1), (6, 0), (7, 1), (4, 2), (5, 3), (6, 2), (7, 3)]
singles alt: [(4, 0), (5, 1), (6, 0), (7, 1), (4, 2), (5, 3), (6, 2), (7, 3)]
singles alt: [(4, 0), (5, 1), (6, 0), (7, 1), (4, 2), (5, 3), (6, 2), (7, 3)]
singles alt: [(4, 0), (5, 1), (6, 0), (7, 1), (4, 2), (5, 3), (6, 2), (7, 3)]
singles alt: [(4, 0), (5, 1), (6, 0), (7, 1), (4, 2), (5, 3), (6, 2), (7, 3)]
singles alt: [(4, 0), (5, 1), (6, 0), (7, 1), (4, 2), (5, 3), (6, 2), (7, 3)]
singles alt: [(4, 0), (5, 1), (6, 0), (7, 1), (4, 2), (5, 3), (6, 2), (7, 3)]
singles alt: [(4, 0), (5, 1), (6, 0), (7, 1), (4, 2), (5, 3), (6, 2), (7, 3)]
singles alt: [(4, 0), (5, 1), (6, 0), (7, 1), (4, 2), (5, 3), (6, 2), (7, 3)]
singles alt: [(4, 0), (5, 1), (6, 0), (7, 1), (4, 2), (5, 3), (6, 2), (7, 3)]
singles alt: [(4, 0), (5, 1), (6, 0), (7, 1), (4, 2), (5, 3), (6, 2), (7, 3)]
singles alt: [(4, 0), (5, 1), (6, 0), (7, 1), (4, 2), (5, 3), (6, 2), (7, 3)]
singles alt: [(4, 0), (5, 1), (6, 0), (7, 1), (4, 2), (5, 3), (6, 2), (7, 3)]
singles alt: [(4, 0), (5, 1), (6, 0), (7, 1), (4, 2), (5, 3), (6, 2), (7, 3)]
singles alt: [(4, 0), (5, 1), (6, 0), (7, 1), (4, 2), (5, 3), (6, 2), (7, 3)]
singles alt: [(4, 0), (5, 1), (6, 0), (7, 1), (4, 2), (5, 3), (6, 2), (7, 3)]
singles alt: [(4, 0), (5, 1), (6, 0), (7, 1), (4, 2), (5, 3), (6, 2), (7, 3)]
callback: energy=-1.871116372464
singles alt: [(4, 0), (5, 1), (6, 0), (7, 1), (4, 2), (5, 3), (6, 2), (7, 3)]
singles alt: [(4, 0), (5, 1), (6, 0), (7, 1), (4, 2), (5, 3), (6, 2), (7, 3)]
singles alt: [(4, 0), (5, 1), (6, 0), (7, 1), (4, 2), (5, 3), (6, 2), (7, 3)]
singles alt: [(4, 0), (5, 1), (6, 0), (7, 1), (4, 2), (5, 3), (6, 2), (7, 3)]
singles alt: [(4, 0), (5, 1), (6, 0), (7, 1), (4, 2), (5, 3), (6, 2), (7, 3)]
singles alt: [(4, 0), (5, 1), (6, 0), (7, 1), (4, 2), (5, 3), (6, 2), (7, 3)]
singles alt: [(4, 0), (5, 1), (6, 0), (7, 1), (4, 2), (5, 3), (6, 2), (7, 3)]
singles alt: [(4, 0), (5, 1), (6, 0), (7, 1), (4, 2), (5, 3), (6, 2), (7, 3)]
singles alt: [(4, 0), (5, 1), (6, 0), (7, 1), (4, 2), (5, 3), (6, 2), (7, 3)]
singles alt: [(4, 0), (5, 1), (6, 0), (7, 1), (4, 2), (5, 3), (6, 2), (7, 3)]
singles alt: [(4, 0), (5, 1), (6, 0), (7, 1), (4, 2), (5, 3), (6, 2), (7, 3)]
singles alt: [(4, 0), (5, 1), (6, 0), (7, 1), (4, 2), (5, 3), (6, 2), (7, 3)]
singles alt: [(4, 0), (5, 1), (6, 0), (7, 1), (4, 2), (5, 3), (6, 2), (7, 3)]
singles alt: [(4, 0), (5, 1), (6, 0), (7, 1), (4, 2), (5, 3), (6, 2), (7, 3)]
singles alt: [(4, 0), (5, 1), (6, 0), (7, 1), (4, 2), (5, 3), (6, 2), (7, 3)]
singles alt: [(4, 0), (5, 1), (6, 0), (7, 1), (4, 2), (5, 3), (6, 2), (7, 3)]
singles alt: [(4, 0), (5, 1), (6, 0), (7, 1), (4, 2), (5, 3), (6, 2), (7, 3)]
singles alt: [(4, 0), (5, 1), (6, 0), (7, 1), (4, 2), (5, 3), (6, 2), (7, 3)]
singles alt: [(4, 0), (5, 1), (6, 0), (7, 1), (4, 2), (5, 3), (6, 2), (7, 3)]
singles alt: [(4, 0), (5, 1), (6, 0), (7, 1), (4, 2), (5, 3), (6, 2), (7, 3)]
singles alt: [(4, 0), (5, 1), (6, 0), (7, 1), (4, 2), (5, 3), (6, 2), (7, 3)]
singles alt: [(4, 0), (5, 1), (6, 0), (7, 1), (4, 2), (5, 3), (6, 2), (7, 3)]
singles alt: [(4, 0), (5, 1), (6, 0), (7, 1), (4, 2), (5, 3), (6, 2), (7, 3)]
singles alt: [(4, 0), (5, 1), (6, 0), (7, 1), (4, 2), (5, 3), (6, 2), (7, 3)]
singles alt: [(4, 0), (5, 1), (6, 0), (7, 1), (4, 2), (5, 3), (6, 2), (7, 3)]
singles alt: [(4, 0), (5, 1), (6, 0), (7, 1), (4, 2), (5, 3), (6, 2), (7, 3)]
singles alt: [(4, 0), (5, 1), (6, 0), (7, 1), (4, 2), (5, 3), (6, 2), (7, 3)]
singles alt: [(4, 0), (5, 1), (6, 0), (7, 1), (4, 2), (5, 3), (6, 2), (7, 3)]
callback: energy=-1.871116812312
singles alt: [(4, 0), (5, 1), (6, 0), (7, 1), (4, 2), (5, 3), (6, 2), (7, 3)]
singles alt: [(4, 0), (5, 1), (6, 0), (7, 1), (4, 2), (5, 3), (6, 2), (7, 3)]
singles alt: [(4, 0), (5, 1), (6, 0), (7, 1), (4, 2), (5, 3), (6, 2), (7, 3)]
singles alt: [(4, 0), (5, 1), (6, 0), (7, 1), (4, 2), (5, 3), (6, 2), (7, 3)]
singles alt: [(4, 0), (5, 1), (6, 0), (7, 1), (4, 2), (5, 3), (6, 2), (7, 3)]
singles alt: [(4, 0), (5, 1), (6, 0), (7, 1), (4, 2), (5, 3), (6, 2), (7, 3)]
singles alt: [(4, 0), (5, 1), (6, 0), (7, 1), (4, 2), (5, 3), (6, 2), (7, 3)]
singles alt: [(4, 0), (5, 1), (6, 0), (7, 1), (4, 2), (5, 3), (6, 2), (7, 3)]
singles alt: [(4, 0), (5, 1), (6, 0), (7, 1), (4, 2), (5, 3), (6, 2), (7, 3)]
singles alt: [(4, 0), (5, 1), (6, 0), (7, 1), (4, 2), (5, 3), (6, 2), (7, 3)]
singles alt: [(4, 0), (5, 1), (6, 0), (7, 1), (4, 2), (5, 3), (6, 2), (7, 3)]
singles alt: [(4, 0), (5, 1), (6, 0), (7, 1), (4, 2), (5, 3), (6, 2), (7, 3)]
singles alt: [(4, 0), (5, 1), (6, 0), (7, 1), (4, 2), (5, 3), (6, 2), (7, 3)]
singles alt: [(4, 0), (5, 1), (6, 0), (7, 1), (4, 2), (5, 3), (6, 2), (7, 3)]
singles alt: [(4, 0), (5, 1), (6, 0), (7, 1), (4, 2), (5, 3), (6, 2), (7, 3)]
singles alt: [(4, 0), (5, 1), (6, 0), (7, 1), (4, 2), (5, 3), (6, 2), (7, 3)]
singles alt: [(4, 0), (5, 1), (6, 0), (7, 1), (4, 2), (5, 3), (6, 2), (7, 3)]
singles alt: [(4, 0), (5, 1), (6, 0), (7, 1), (4, 2), (5, 3), (6, 2), (7, 3)]
singles alt: [(4, 0), (5, 1), (6, 0), (7, 1), (4, 2), (5, 3), (6, 2), (7, 3)]
singles alt: [(4, 0), (5, 1), (6, 0), (7, 1), (4, 2), (5, 3), (6, 2), (7, 3)]
singles alt: [(4, 0), (5, 1), (6, 0), (7, 1), (4, 2), (5, 3), (6, 2), (7, 3)]
singles alt: [(4, 0), (5, 1), (6, 0), (7, 1), (4, 2), (5, 3), (6, 2), (7, 3)]
singles alt: [(4, 0), (5, 1), (6, 0), (7, 1), (4, 2), (5, 3), (6, 2), (7, 3)]
singles alt: [(4, 0), (5, 1), (6, 0), (7, 1), (4, 2), (5, 3), (6, 2), (7, 3)]
singles alt: [(4, 0), (5, 1), (6, 0), (7, 1), (4, 2), (5, 3), (6, 2), (7, 3)]
singles alt: [(4, 0), (5, 1), (6, 0), (7, 1), (4, 2), (5, 3), (6, 2), (7, 3)]
singles alt: [(4, 0), (5, 1), (6, 0), (7, 1), (4, 2), (5, 3), (6, 2), (7, 3)]
singles alt: [(4, 0), (5, 1), (6, 0), (7, 1), (4, 2), (5, 3), (6, 2), (7, 3)]
callback: energy=-1.871117612274
singles alt: [(4, 0), (5, 1), (6, 0), (7, 1), (4, 2), (5, 3), (6, 2), (7, 3)]
singles alt: [(4, 0), (5, 1), (6, 0), (7, 1), (4, 2), (5, 3), (6, 2), (7, 3)]
singles alt: [(4, 0), (5, 1), (6, 0), (7, 1), (4, 2), (5, 3), (6, 2), (7, 3)]
singles alt: [(4, 0), (5, 1), (6, 0), (7, 1), (4, 2), (5, 3), (6, 2), (7, 3)]
singles alt: [(4, 0), (5, 1), (6, 0), (7, 1), (4, 2), (5, 3), (6, 2), (7, 3)]
singles alt: [(4, 0), (5, 1), (6, 0), (7, 1), (4, 2), (5, 3), (6, 2), (7, 3)]
singles alt: [(4, 0), (5, 1), (6, 0), (7, 1), (4, 2), (5, 3), (6, 2), (7, 3)]
singles alt: [(4, 0), (5, 1), (6, 0), (7, 1), (4, 2), (5, 3), (6, 2), (7, 3)]
singles alt: [(4, 0), (5, 1), (6, 0), (7, 1), (4, 2), (5, 3), (6, 2), (7, 3)]
singles alt: [(4, 0), (5, 1), (6, 0), (7, 1), (4, 2), (5, 3), (6, 2), (7, 3)]
singles alt: [(4, 0), (5, 1), (6, 0), (7, 1), (4, 2), (5, 3), (6, 2), (7, 3)]
singles alt: [(4, 0), (5, 1), (6, 0), (7, 1), (4, 2), (5, 3), (6, 2), (7, 3)]
singles alt: [(4, 0), (5, 1), (6, 0), (7, 1), (4, 2), (5, 3), (6, 2), (7, 3)]
singles alt: [(4, 0), (5, 1), (6, 0), (7, 1), (4, 2), (5, 3), (6, 2), (7, 3)]
singles alt: [(4, 0), (5, 1), (6, 0), (7, 1), (4, 2), (5, 3), (6, 2), (7, 3)]
singles alt: [(4, 0), (5, 1), (6, 0), (7, 1), (4, 2), (5, 3), (6, 2), (7, 3)]
singles alt: [(4, 0), (5, 1), (6, 0), (7, 1), (4, 2), (5, 3), (6, 2), (7, 3)]
singles alt: [(4, 0), (5, 1), (6, 0), (7, 1), (4, 2), (5, 3), (6, 2), (7, 3)]
singles alt: [(4, 0), (5, 1), (6, 0), (7, 1), (4, 2), (5, 3), (6, 2), (7, 3)]
singles alt: [(4, 0), (5, 1), (6, 0), (7, 1), (4, 2), (5, 3), (6, 2), (7, 3)]
singles alt: [(4, 0), (5, 1), (6, 0), (7, 1), (4, 2), (5, 3), (6, 2), (7, 3)]
singles alt: [(4, 0), (5, 1), (6, 0), (7, 1), (4, 2), (5, 3), (6, 2), (7, 3)]
singles alt: [(4, 0), (5, 1), (6, 0), (7, 1), (4, 2), (5, 3), (6, 2), (7, 3)]
singles alt: [(4, 0), (5, 1), (6, 0), (7, 1), (4, 2), (5, 3), (6, 2), (7, 3)]
singles alt: [(4, 0), (5, 1), (6, 0), (7, 1), (4, 2), (5, 3), (6, 2), (7, 3)]
singles alt: [(4, 0), (5, 1), (6, 0), (7, 1), (4, 2), (5, 3), (6, 2), (7, 3)]
singles alt: [(4, 0), (5, 1), (6, 0), (7, 1), (4, 2), (5, 3), (6, 2), (7, 3)]
singles alt: [(4, 0), (5, 1), (6, 0), (7, 1), (4, 2), (5, 3), (6, 2), (7, 3)]
callback: energy=-1.871118971147
singles alt: [(4, 0), (5, 1), (6, 0), (7, 1), (4, 2), (5, 3), (6, 2), (7, 3)]
singles alt: [(4, 0), (5, 1), (6, 0), (7, 1), (4, 2), (5, 3), (6, 2), (7, 3)]
singles alt: [(4, 0), (5, 1), (6, 0), (7, 1), (4, 2), (5, 3), (6, 2), (7, 3)]
singles alt: [(4, 0), (5, 1), (6, 0), (7, 1), (4, 2), (5, 3), (6, 2), (7, 3)]
singles alt: [(4, 0), (5, 1), (6, 0), (7, 1), (4, 2), (5, 3), (6, 2), (7, 3)]
singles alt: [(4, 0), (5, 1), (6, 0), (7, 1), (4, 2), (5, 3), (6, 2), (7, 3)]
singles alt: [(4, 0), (5, 1), (6, 0), (7, 1), (4, 2), (5, 3), (6, 2), (7, 3)]
singles alt: [(4, 0), (5, 1), (6, 0), (7, 1), (4, 2), (5, 3), (6, 2), (7, 3)]
singles alt: [(4, 0), (5, 1), (6, 0), (7, 1), (4, 2), (5, 3), (6, 2), (7, 3)]
singles alt: [(4, 0), (5, 1), (6, 0), (7, 1), (4, 2), (5, 3), (6, 2), (7, 3)]
singles alt: [(4, 0), (5, 1), (6, 0), (7, 1), (4, 2), (5, 3), (6, 2), (7, 3)]
singles alt: [(4, 0), (5, 1), (6, 0), (7, 1), (4, 2), (5, 3), (6, 2), (7, 3)]
singles alt: [(4, 0), (5, 1), (6, 0), (7, 1), (4, 2), (5, 3), (6, 2), (7, 3)]
singles alt: [(4, 0), (5, 1), (6, 0), (7, 1), (4, 2), (5, 3), (6, 2), (7, 3)]
singles alt: [(4, 0), (5, 1), (6, 0), (7, 1), (4, 2), (5, 3), (6, 2), (7, 3)]
singles alt: [(4, 0), (5, 1), (6, 0), (7, 1), (4, 2), (5, 3), (6, 2), (7, 3)]
singles alt: [(4, 0), (5, 1), (6, 0), (7, 1), (4, 2), (5, 3), (6, 2), (7, 3)]
singles alt: [(4, 0), (5, 1), (6, 0), (7, 1), (4, 2), (5, 3), (6, 2), (7, 3)]
singles alt: [(4, 0), (5, 1), (6, 0), (7, 1), (4, 2), (5, 3), (6, 2), (7, 3)]
singles alt: [(4, 0), (5, 1), (6, 0), (7, 1), (4, 2), (5, 3), (6, 2), (7, 3)]
singles alt: [(4, 0), (5, 1), (6, 0), (7, 1), (4, 2), (5, 3), (6, 2), (7, 3)]
singles alt: [(4, 0), (5, 1), (6, 0), (7, 1), (4, 2), (5, 3), (6, 2), (7, 3)]
singles alt: [(4, 0), (5, 1), (6, 0), (7, 1), (4, 2), (5, 3), (6, 2), (7, 3)]
singles alt: [(4, 0), (5, 1), (6, 0), (7, 1), (4, 2), (5, 3), (6, 2), (7, 3)]
singles alt: [(4, 0), (5, 1), (6, 0), (7, 1), (4, 2), (5, 3), (6, 2), (7, 3)]
singles alt: [(4, 0), (5, 1), (6, 0), (7, 1), (4, 2), (5, 3), (6, 2), (7, 3)]
singles alt: [(4, 0), (5, 1), (6, 0), (7, 1), (4, 2), (5, 3), (6, 2), (7, 3)]
singles alt: [(4, 0), (5, 1), (6, 0), (7, 1), (4, 2), (5, 3), (6, 2), (7, 3)]
callback: energy=-1.871120724416
singles alt: [(4, 0), (5, 1), (6, 0), (7, 1), (4, 2), (5, 3), (6, 2), (7, 3)]
singles alt: [(4, 0), (5, 1), (6, 0), (7, 1), (4, 2), (5, 3), (6, 2), (7, 3)]
singles alt: [(4, 0), (5, 1), (6, 0), (7, 1), (4, 2), (5, 3), (6, 2), (7, 3)]
singles alt: [(4, 0), (5, 1), (6, 0), (7, 1), (4, 2), (5, 3), (6, 2), (7, 3)]
singles alt: [(4, 0), (5, 1), (6, 0), (7, 1), (4, 2), (5, 3), (6, 2), (7, 3)]
singles alt: [(4, 0), (5, 1), (6, 0), (7, 1), (4, 2), (5, 3), (6, 2), (7, 3)]
singles alt: [(4, 0), (5, 1), (6, 0), (7, 1), (4, 2), (5, 3), (6, 2), (7, 3)]
singles alt: [(4, 0), (5, 1), (6, 0), (7, 1), (4, 2), (5, 3), (6, 2), (7, 3)]
singles alt: [(4, 0), (5, 1), (6, 0), (7, 1), (4, 2), (5, 3), (6, 2), (7, 3)]
singles alt: [(4, 0), (5, 1), (6, 0), (7, 1), (4, 2), (5, 3), (6, 2), (7, 3)]
singles alt: [(4, 0), (5, 1), (6, 0), (7, 1), (4, 2), (5, 3), (6, 2), (7, 3)]
singles alt: [(4, 0), (5, 1), (6, 0), (7, 1), (4, 2), (5, 3), (6, 2), (7, 3)]
singles alt: [(4, 0), (5, 1), (6, 0), (7, 1), (4, 2), (5, 3), (6, 2), (7, 3)]
singles alt: [(4, 0), (5, 1), (6, 0), (7, 1), (4, 2), (5, 3), (6, 2), (7, 3)]
singles alt: [(4, 0), (5, 1), (6, 0), (7, 1), (4, 2), (5, 3), (6, 2), (7, 3)]
singles alt: [(4, 0), (5, 1), (6, 0), (7, 1), (4, 2), (5, 3), (6, 2), (7, 3)]
singles alt: [(4, 0), (5, 1), (6, 0), (7, 1), (4, 2), (5, 3), (6, 2), (7, 3)]
singles alt: [(4, 0), (5, 1), (6, 0), (7, 1), (4, 2), (5, 3), (6, 2), (7, 3)]
singles alt: [(4, 0), (5, 1), (6, 0), (7, 1), (4, 2), (5, 3), (6, 2), (7, 3)]
singles alt: [(4, 0), (5, 1), (6, 0), (7, 1), (4, 2), (5, 3), (6, 2), (7, 3)]
singles alt: [(4, 0), (5, 1), (6, 0), (7, 1), (4, 2), (5, 3), (6, 2), (7, 3)]
singles alt: [(4, 0), (5, 1), (6, 0), (7, 1), (4, 2), (5, 3), (6, 2), (7, 3)]
singles alt: [(4, 0), (5, 1), (6, 0), (7, 1), (4, 2), (5, 3), (6, 2), (7, 3)]
singles alt: [(4, 0), (5, 1), (6, 0), (7, 1), (4, 2), (5, 3), (6, 2), (7, 3)]
singles alt: [(4, 0), (5, 1), (6, 0), (7, 1), (4, 2), (5, 3), (6, 2), (7, 3)]
singles alt: [(4, 0), (5, 1), (6, 0), (7, 1), (4, 2), (5, 3), (6, 2), (7, 3)]
singles alt: [(4, 0), (5, 1), (6, 0), (7, 1), (4, 2), (5, 3), (6, 2), (7, 3)]
singles alt: [(4, 0), (5, 1), (6, 0), (7, 1), (4, 2), (5, 3), (6, 2), (7, 3)]
callback: energy=-1.871121266605
singles alt: [(4, 0), (5, 1), (6, 0), (7, 1), (4, 2), (5, 3), (6, 2), (7, 3)]
singles alt: [(4, 0), (5, 1), (6, 0), (7, 1), (4, 2), (5, 3), (6, 2), (7, 3)]
singles alt: [(4, 0), (5, 1), (6, 0), (7, 1), (4, 2), (5, 3), (6, 2), (7, 3)]
singles alt: [(4, 0), (5, 1), (6, 0), (7, 1), (4, 2), (5, 3), (6, 2), (7, 3)]
singles alt: [(4, 0), (5, 1), (6, 0), (7, 1), (4, 2), (5, 3), (6, 2), (7, 3)]
singles alt: [(4, 0), (5, 1), (6, 0), (7, 1), (4, 2), (5, 3), (6, 2), (7, 3)]
singles alt: [(4, 0), (5, 1), (6, 0), (7, 1), (4, 2), (5, 3), (6, 2), (7, 3)]
singles alt: [(4, 0), (5, 1), (6, 0), (7, 1), (4, 2), (5, 3), (6, 2), (7, 3)]
singles alt: [(4, 0), (5, 1), (6, 0), (7, 1), (4, 2), (5, 3), (6, 2), (7, 3)]
singles alt: [(4, 0), (5, 1), (6, 0), (7, 1), (4, 2), (5, 3), (6, 2), (7, 3)]
singles alt: [(4, 0), (5, 1), (6, 0), (7, 1), (4, 2), (5, 3), (6, 2), (7, 3)]
singles alt: [(4, 0), (5, 1), (6, 0), (7, 1), (4, 2), (5, 3), (6, 2), (7, 3)]
singles alt: [(4, 0), (5, 1), (6, 0), (7, 1), (4, 2), (5, 3), (6, 2), (7, 3)]
singles alt: [(4, 0), (5, 1), (6, 0), (7, 1), (4, 2), (5, 3), (6, 2), (7, 3)]
singles alt: [(4, 0), (5, 1), (6, 0), (7, 1), (4, 2), (5, 3), (6, 2), (7, 3)]
singles alt: [(4, 0), (5, 1), (6, 0), (7, 1), (4, 2), (5, 3), (6, 2), (7, 3)]
singles alt: [(4, 0), (5, 1), (6, 0), (7, 1), (4, 2), (5, 3), (6, 2), (7, 3)]
singles alt: [(4, 0), (5, 1), (6, 0), (7, 1), (4, 2), (5, 3), (6, 2), (7, 3)]
singles alt: [(4, 0), (5, 1), (6, 0), (7, 1), (4, 2), (5, 3), (6, 2), (7, 3)]
singles alt: [(4, 0), (5, 1), (6, 0), (7, 1), (4, 2), (5, 3), (6, 2), (7, 3)]
singles alt: [(4, 0), (5, 1), (6, 0), (7, 1), (4, 2), (5, 3), (6, 2), (7, 3)]
singles alt: [(4, 0), (5, 1), (6, 0), (7, 1), (4, 2), (5, 3), (6, 2), (7, 3)]
singles alt: [(4, 0), (5, 1), (6, 0), (7, 1), (4, 2), (5, 3), (6, 2), (7, 3)]
singles alt: [(4, 0), (5, 1), (6, 0), (7, 1), (4, 2), (5, 3), (6, 2), (7, 3)]
singles alt: [(4, 0), (5, 1), (6, 0), (7, 1), (4, 2), (5, 3), (6, 2), (7, 3)]
singles alt: [(4, 0), (5, 1), (6, 0), (7, 1), (4, 2), (5, 3), (6, 2), (7, 3)]
singles alt: [(4, 0), (5, 1), (6, 0), (7, 1), (4, 2), (5, 3), (6, 2), (7, 3)]
singles alt: [(4, 0), (5, 1), (6, 0), (7, 1), (4, 2), (5, 3), (6, 2), (7, 3)]
callback: energy=-1.871121497623
singles alt: [(4, 0), (5, 1), (6, 0), (7, 1), (4, 2), (5, 3), (6, 2), (7, 3)]
singles alt: [(4, 0), (5, 1), (6, 0), (7, 1), (4, 2), (5, 3), (6, 2), (7, 3)]
singles alt: [(4, 0), (5, 1), (6, 0), (7, 1), (4, 2), (5, 3), (6, 2), (7, 3)]
singles alt: [(4, 0), (5, 1), (6, 0), (7, 1), (4, 2), (5, 3), (6, 2), (7, 3)]
singles alt: [(4, 0), (5, 1), (6, 0), (7, 1), (4, 2), (5, 3), (6, 2), (7, 3)]
singles alt: [(4, 0), (5, 1), (6, 0), (7, 1), (4, 2), (5, 3), (6, 2), (7, 3)]
singles alt: [(4, 0), (5, 1), (6, 0), (7, 1), (4, 2), (5, 3), (6, 2), (7, 3)]
singles alt: [(4, 0), (5, 1), (6, 0), (7, 1), (4, 2), (5, 3), (6, 2), (7, 3)]
singles alt: [(4, 0), (5, 1), (6, 0), (7, 1), (4, 2), (5, 3), (6, 2), (7, 3)]
singles alt: [(4, 0), (5, 1), (6, 0), (7, 1), (4, 2), (5, 3), (6, 2), (7, 3)]
singles alt: [(4, 0), (5, 1), (6, 0), (7, 1), (4, 2), (5, 3), (6, 2), (7, 3)]
singles alt: [(4, 0), (5, 1), (6, 0), (7, 1), (4, 2), (5, 3), (6, 2), (7, 3)]
singles alt: [(4, 0), (5, 1), (6, 0), (7, 1), (4, 2), (5, 3), (6, 2), (7, 3)]
singles alt: [(4, 0), (5, 1), (6, 0), (7, 1), (4, 2), (5, 3), (6, 2), (7, 3)]
singles alt: [(4, 0), (5, 1), (6, 0), (7, 1), (4, 2), (5, 3), (6, 2), (7, 3)]
singles alt: [(4, 0), (5, 1), (6, 0), (7, 1), (4, 2), (5, 3), (6, 2), (7, 3)]
singles alt: [(4, 0), (5, 1), (6, 0), (7, 1), (4, 2), (5, 3), (6, 2), (7, 3)]
singles alt: [(4, 0), (5, 1), (6, 0), (7, 1), (4, 2), (5, 3), (6, 2), (7, 3)]
singles alt: [(4, 0), (5, 1), (6, 0), (7, 1), (4, 2), (5, 3), (6, 2), (7, 3)]
singles alt: [(4, 0), (5, 1), (6, 0), (7, 1), (4, 2), (5, 3), (6, 2), (7, 3)]
singles alt: [(4, 0), (5, 1), (6, 0), (7, 1), (4, 2), (5, 3), (6, 2), (7, 3)]
singles alt: [(4, 0), (5, 1), (6, 0), (7, 1), (4, 2), (5, 3), (6, 2), (7, 3)]
singles alt: [(4, 0), (5, 1), (6, 0), (7, 1), (4, 2), (5, 3), (6, 2), (7, 3)]
singles alt: [(4, 0), (5, 1), (6, 0), (7, 1), (4, 2), (5, 3), (6, 2), (7, 3)]
singles alt: [(4, 0), (5, 1), (6, 0), (7, 1), (4, 2), (5, 3), (6, 2), (7, 3)]
singles alt: [(4, 0), (5, 1), (6, 0), (7, 1), (4, 2), (5, 3), (6, 2), (7, 3)]
singles alt: [(4, 0), (5, 1), (6, 0), (7, 1), (4, 2), (5, 3), (6, 2), (7, 3)]
singles alt: [(4, 0), (5, 1), (6, 0), (7, 1), (4, 2), (5, 3), (6, 2), (7, 3)]
callback: energy=-1.871121580398
Optimization terminated successfully.
         Current function value: -1.871122
         Iterations: 25
         Function evaluations: 729
         Gradient evaluations: 27
Optimization finished in 18.67 s
Success: True
Final energy: -1.871121580397555
(4, 5, 0, 1) | 0.3403088960772236
(4, 5, 0, 3) | 0.0000003913281996
(4, 5, 2, 1) | -0.0000004862753691
(4, 5, 2, 3) | 0.4314394963943172
(4, 7, 0, 1) | 0.0000026421363660
(4, 7, 0, 3) | -0.3573817709204950
(4, 7, 2, 1) | -0.3099144695516092
(4, 7, 2, 3) | -0.0000014373869191
(6, 5, 0, 1) | 0.0000014097401637
(6, 5, 0, 3) | -0.3099149497308821
(6, 5, 2, 1) | -0.3573779521363826
(6, 5, 2, 3) | 0.0000012421132215
(6, 7, 0, 1) | 0.3811045695021667
(6, 7, 0, 3) | 0.0000004738270743
(6, 7, 2, 1) | 0.0000016744504874
(6, 7, 2, 3) | 0.3382083098985273
(4, 6, 0, 2) | -0.1161505642594810
(5, 7, 1, 3) | -0.1161505140000588
(4, 0)         | 0.0991641962146273
(5, 1)         | 0.0990419033375506
(6, 0)         | 0.0000356487443840
(7, 1)         | 0.0000298461380138
(4, 2)         | -0.0000361665353986
(5, 3)         | -0.0000302415163506
(6, 2)         | 0.0969768937381028
(7, 3)         | 0.0970989009048554
None
singles alt: [(4, 0), (5, 1), (6, 0), (7, 1), (4, 2), (5, 3), (6, 2), (7, 3)]
Final evaluation of (unbiased) <H>: -1.871121580397555
