converged SCF energy = -3.0800181290621
[[ 0.18079477  0.33779421  0.42621585 -0.35423148 -0.37408668 -0.46785593
  -0.38846254 -0.21614047]
 [ 0.26521584  0.41930818  0.39406875 -0.21498685  0.20166332  0.42221957
   0.4940987   0.33185869]
 [ 0.37982902  0.33231031 -0.12024557  0.422888    0.44296224  0.11999006
  -0.3938331  -0.45524285]
 [ 0.415548    0.18366417 -0.32549643  0.36811213 -0.37492343 -0.37669987
   0.19831547  0.50128974]
 [ 0.415548   -0.18366417 -0.32549643 -0.36811213 -0.37492343  0.37669987
   0.19831547 -0.50128974]
 [ 0.37982902 -0.33231031 -0.12024557 -0.422888    0.44296224 -0.11999006
  -0.3938331   0.45524285]
 [ 0.26521584 -0.41930818  0.39406875  0.21498685  0.20166332 -0.42221957
   0.4940987  -0.33185869]
 [ 0.18079477 -0.33779421  0.42621585  0.35423148 -0.37408668  0.46785593
  -0.38846254  0.21614047]]
<class 'pyscf.gto.mole.Mole'> <class 'pyscf.scf.hf.RHF'>
 ecore:  -1.14477413
h1!!! [[ 1.13696371e+00  1.43100223e-16 -8.09435529e-02 -5.03594030e-16
   1.85308209e-02 -4.61643930e-16  1.76937432e-02 -1.52986961e-16]
 [ 2.05184471e-16  1.06988956e+00 -1.18879864e-16  9.63291877e-02
  -1.62992173e-16  4.77164723e-02 -3.40316303e-16  3.42493629e-02]
 [-8.09435529e-02 -6.65730793e-17  1.06919809e+00  8.72247628e-16
   7.77530173e-02 -1.85892030e-15  7.57280905e-02  5.87630217e-16]
 [-4.18915588e-16  9.63291877e-02  9.75597337e-16  1.16518164e+00
  -6.41223583e-16 -1.07670561e-01 -3.58772418e-16 -2.50568274e-02]
 [ 1.85308209e-02 -1.46888407e-17  7.77530173e-02 -6.29278919e-16
   1.20337402e+00  7.02676683e-16 -1.04955046e-01 -7.30687790e-16]
 [-4.18950923e-16  4.77164723e-02 -1.81611574e-15 -1.07670561e-01
   7.17158013e-16  1.18404763e+00  6.76055836e-16 -8.77711017e-02]
 [ 1.76937432e-02 -3.60671515e-16  7.57280905e-02 -4.24424768e-16
  -1.04955046e-01  8.81507234e-16  1.25334615e+00 -1.61721277e-15]
 [-1.86500153e-16  3.42493629e-02  5.20711503e-16 -2.50568274e-02
  -7.64812466e-16 -8.77711017e-02 -1.70390352e-15  1.37080428e+00]]
SCF energy pycc: -3.0800181290620974 -3.0800181290620974
dropcore: 0
calctype: None
dropcore: 0
n_mo=8, n_spin_orbitals=16, n_electrons=8
[-0.30965965 -0.30965965 -0.28531707 -0.28531707 -0.24722564 -0.24722564
 -0.20245265 -0.20245265  0.02206008  0.02206008  0.07630951  0.07630951
  0.12681823  0.12681823  0.16153495  0.16153495]
geo: [['H', [0, 0, 0]], ['H', [0, 0, 2.1]], ['H', [0, 0, 4.2]], ['H', [0, 0, 6.300000000000001]], ['H', [0, 0, 8.4]], ['H', [0, 0, 10.5]], ['H', [0, 0, 12.600000000000001]], ['H', [0, 0, 14.700000000000001]]]
Original Hamiltonian shape: (65536, 65536)
Restricted Hamiltonian shape: (4900, 4900)
hf_index: 65280
restrict sz: (4900,)
e cmp: -3.7790516778830128
<1100|H|1100> = (-3.0800181290620956+0j)

nelectrons: 8
singles alt: [(8, 0), (9, 1), (10, 0), (11, 1), (12, 0), (13, 1), (14, 0), (15, 1), (8, 2), (9, 3), (10, 2), (11, 3), (12, 2), (13, 3), (14, 2), (15, 3), (8, 4), (9, 5), (10, 4), (11, 5), (12, 4), (13, 5), (14, 4), (15, 5), (8, 6), (9, 7), (10, 6), (11, 7), (12, 6), (13, 7), (14, 6), (15, 7)]
singles alt: [(8, 0), (9, 1), (10, 0), (11, 1), (12, 0), (13, 1), (14, 0), (15, 1), (8, 2), (9, 3), (10, 2), (11, 3), (12, 2), (13, 3), (14, 2), (15, 3), (8, 4), (9, 5), (10, 4), (11, 5), (12, 4), (13, 5), (14, 4), (15, 5), (8, 6), (9, 7), (10, 6), (11, 7), (12, 6), (13, 7), (14, 6), (15, 7)]
singles alt: [(8, 0), (9, 1), (10, 0), (11, 1), (12, 0), (13, 1), (14, 0), (15, 1), (8, 2), (9, 3), (10, 2), (11, 3), (12, 2), (13, 3), (14, 2), (15, 3), (8, 4), (9, 5), (10, 4), (11, 5), (12, 4), (13, 5), (14, 4), (15, 5), (8, 6), (9, 7), (10, 6), (11, 7), (12, 6), (13, 7), (14, 6), (15, 7)]
Energy at theta=0 (should be HF energy): -3.080018129062  PySCF RHF energy: -3.080018129062,-3.080018129062
Starting optimization... (this may take some time for larger ansatz sizes)
singles alt: [(8, 0), (9, 1), (10, 0), (11, 1), (12, 0), (13, 1), (14, 0), (15, 1), (8, 2), (9, 3), (10, 2), (11, 3), (12, 2), (13, 3), (14, 2), (15, 3), (8, 4), (9, 5), (10, 4), (11, 5), (12, 4), (13, 5), (14, 4), (15, 5), (8, 6), (9, 7), (10, 6), (11, 7), (12, 6), (13, 7), (14, 6), (15, 7)]
length: 32 328
2*[T] vs T3fnT3: 0.0 0.0
Estimated difference between T3^fnT3 - (T2^WT3 + h.c.) is: 0.0 0.0
total cost: -3.0800181290620956
singles alt: [(8, 0), (9, 1), (10, 0), (11, 1), (12, 0), (13, 1), (14, 0), (15, 1), (8, 2), (9, 3), (10, 2), (11, 3), (12, 2), (13, 3), (14, 2), (15, 3), (8, 4), (9, 5), (10, 4), (11, 5), (12, 4), (13, 5), (14, 4), (15, 5), (8, 6), (9, 7), (10, 6), (11, 7), (12, 6), (13, 7), (14, 6), (15, 7)]
length: 32 328
2*[T] vs T3fnT3: -4.801067139617868e-19 9.602134308042143e-19
Estimated difference between T3^fnT3 - (T2^WT3 + h.c.) is: 4.801067168424275e-19 2.305024595572149e-37
total cost: -3.0800181314314594
singles alt: [(8, 0), (9, 1), (10, 0), (11, 1), (12, 0), (13, 1), (14, 0), (15, 1), (8, 2), (9, 3), (10, 2), (11, 3), (12, 2), (13, 3), (14, 2), (15, 3), (8, 4), (9, 5), (10, 4), (11, 5), (12, 4), (13, 5), (14, 4), (15, 5), (8, 6), (9, 7), (10, 6), (11, 7), (12, 6), (13, 7), (14, 6), (15, 7)]
length: 32 328
2*[T] vs T3fnT3: -4.2272249239508574e-19 8.454449873265065e-19
Estimated difference between T3^fnT3 - (T2^WT3 + h.c.) is: 4.227224949314208e-19 1.7869430772104508e-37
total cost: -3.080018129062095
singles alt: [(8, 0), (9, 1), (10, 0), (11, 1), (12, 0), (13, 1), (14, 0), (15, 1), (8, 2), (9, 3), (10, 2), (11, 3), (12, 2), (13, 3), (14, 2), (15, 3), (8, 4), (9, 5), (10, 4), (11, 5), (12, 4), (13, 5), (14, 4), (15, 5), (8, 6), (9, 7), (10, 6), (11, 7), (12, 6), (13, 7), (14, 6), (15, 7)]
length: 32 328
2*[T] vs T3fnT3: -4.181113049516292e-19 8.362226124119263e-19
Estimated difference between T3^fnT3 - (T2^WT3 + h.c.) is: 4.181113074602971e-19 1.7481706542615909e-37
total cost: -3.080018128545411
singles alt: [(8, 0), (9, 1), (10, 0), (11, 1), (12, 0), (13, 1), (14, 0), (15, 1), (8, 2), (9, 3), (10, 2), (11, 3), (12, 2), (13, 3), (14, 2), (15, 3), (8, 4), (9, 5), (10, 4), (11, 5), (12, 4), (13, 5), (14, 4), (15, 5), (8, 6), (9, 7), (10, 6), (11, 7), (12, 6), (13, 7), (14, 6), (15, 7)]
length: 32 328
2*[T] vs T3fnT3: -3.3062073856292736e-19 6.612414791095794e-19
Estimated difference between T3^fnT3 - (T2^WT3 + h.c.) is: 3.3062074054665205e-19 1.0931007407961662e-37
total cost: -3.080018129062095
singles alt: [(8, 0), (9, 1), (10, 0), (11, 1), (12, 0), (13, 1), (14, 0), (15, 1), (8, 2), (9, 3), (10, 2), (11, 3), (12, 2), (13, 3), (14, 2), (15, 3), (8, 4), (9, 5), (10, 4), (11, 5), (12, 4), (13, 5), (14, 4), (15, 5), (8, 6), (9, 7), (10, 6), (11, 7), (12, 6), (13, 7), (14, 6), (15, 7)]
length: 32 328
2*[T] vs T3fnT3: -4.2272249239508574e-19 8.454449873265063e-19
Estimated difference between T3^fnT3 - (T2^WT3 + h.c.) is: 4.227224949314206e-19 1.7869430772104491e-37
total cost: -3.080018129062095
singles alt: [(8, 0), (9, 1), (10, 0), (11, 1), (12, 0), (13, 1), (14, 0), (15, 1), (8, 2), (9, 3), (10, 2), (11, 3), (12, 2), (13, 3), (14, 2), (15, 3), (8, 4), (9, 5), (10, 4), (11, 5), (12, 4), (13, 5), (14, 4), (15, 5), (8, 6), (9, 7), (10, 6), (11, 7), (12, 6), (13, 7), (14, 6), (15, 7)]
length: 32 328
2*[T] vs T3fnT3: -5.103259665799953e-19 1.0206519362219463e-18
Estimated difference between T3^fnT3 - (T2^WT3 + h.c.) is: 5.10325969641951e-19 2.6043259529099748e-37
total cost: -3.0800181310078463
singles alt: [(8, 0), (9, 1), (10, 0), (11, 1), (12, 0), (13, 1), (14, 0), (15, 1), (8, 2), (9, 3), (10, 2), (11, 3), (12, 2), (13, 3), (14, 2), (15, 3), (8, 4), (9, 5), (10, 4), (11, 5), (12, 4), (13, 5), (14, 4), (15, 5), (8, 6), (9, 7), (10, 6), (11, 7), (12, 6), (13, 7), (14, 6), (15, 7)]
length: 32 328
2*[T] vs T3fnT3: -4.605784884278958e-19 9.211569796192623e-19
Estimated difference between T3^fnT3 - (T2^WT3 + h.c.) is: 4.605784911913665e-19 2.1213254654811565e-37
total cost: -3.080018129062095
singles alt: [(8, 0), (9, 1), (10, 0), (11, 1), (12, 0), (13, 1), (14, 0), (15, 1), (8, 2), (9, 3), (10, 2), (11, 3), (12, 2), (13, 3), (14, 2), (15, 3), (8, 4), (9, 5), (10, 4), (11, 5), (12, 4), (13, 5), (14, 4), (15, 5), (8, 6), (9, 7), (10, 6), (11, 7), (12, 6), (13, 7), (14, 6), (15, 7)]
length: 32 328
2*[T] vs T3fnT3: -4.301906879439356e-19 8.603813784690152e-19
Estimated difference between T3^fnT3 - (T2^WT3 + h.c.) is: 4.3019069052507954e-19 1.8506403021444476e-37
total cost: -3.0800181296866387
singles alt: [(8, 0), (9, 1), (10, 0), (11, 1), (12, 0), (13, 1), (14, 0), (15, 1), (8, 2), (9, 3), (10, 2), (11, 3), (12, 2), (13, 3), (14, 2), (15, 3), (8, 4), (9, 5), (10, 4), (11, 5), (12, 4), (13, 5), (14, 4), (15, 5), (8, 6), (9, 7), (10, 6), (11, 7), (12, 6), (13, 7), (14, 6), (15, 7)]
length: 32 328
2*[T] vs T3fnT3: -4.1811130495162927e-19 8.362226124119263e-19
Estimated difference between T3^fnT3 - (T2^WT3 + h.c.) is: 4.18111307460297e-19 1.74817065426159e-37
total cost: -3.080018128545411
singles alt: [(8, 0), (9, 1), (10, 0), (11, 1), (12, 0), (13, 1), (14, 0), (15, 1), (8, 2), (9, 3), (10, 2), (11, 3), (12, 2), (13, 3), (14, 2), (15, 3), (8, 4), (9, 5), (10, 4), (11, 5), (12, 4), (13, 5), (14, 4), (15, 5), (8, 6), (9, 7), (10, 6), (11, 7), (12, 6), (13, 7), (14, 6), (15, 7)]
length: 32 328
2*[T] vs T3fnT3: -4.605784884278959e-19 9.211569796192623e-19
Estimated difference between T3^fnT3 - (T2^WT3 + h.c.) is: 4.605784911913664e-19 2.1213254654811556e-37
total cost: -3.080018129062095
singles alt: [(8, 0), (9, 1), (10, 0), (11, 1), (12, 0), (13, 1), (14, 0), (15, 1), (8, 2), (9, 3), (10, 2), (11, 3), (12, 2), (13, 3), (14, 2), (15, 3), (8, 4), (9, 5), (10, 4), (11, 5), (12, 4), (13, 5), (14, 4), (15, 5), (8, 6), (9, 7), (10, 6), (11, 7), (12, 6), (13, 7), (14, 6), (15, 7)]
length: 32 328
2*[T] vs T3fnT3: -4.714564941813445e-19 9.429129911914278e-19
Estimated difference between T3^fnT3 - (T2^WT3 + h.c.) is: 4.714564970100832e-19 2.222712285730186e-37
total cost: -3.0800181309719177
singles alt: [(8, 0), (9, 1), (10, 0), (11, 1), (12, 0), (13, 1), (14, 0), (15, 1), (8, 2), (9, 3), (10, 2), (11, 3), (12, 2), (13, 3), (14, 2), (15, 3), (8, 4), (9, 5), (10, 4), (11, 5), (12, 4), (13, 5), (14, 4), (15, 5), (8, 6), (9, 7), (10, 6), (11, 7), (12, 6), (13, 7), (14, 6), (15, 7)]
length: 32 328
2*[T] vs T3fnT3: -4.263964774942016e-19 8.5279295754678175e-19
Estimated difference between T3^fnT3 - (T2^WT3 + h.c.) is: 4.2639648005258016e-19 1.818139582012304e-37
total cost: -3.080018129062095
singles alt: [(8, 0), (9, 1), (10, 0), (11, 1), (12, 0), (13, 1), (14, 0), (15, 1), (8, 2), (9, 3), (10, 2), (11, 3), (12, 2), (13, 3), (14, 2), (15, 3), (8, 4), (9, 5), (10, 4), (11, 5), (12, 4), (13, 5), (14, 4), (15, 5), (8, 6), (9, 7), (10, 6), (11, 7), (12, 6), (13, 7), (14, 6), (15, 7)]
length: 32 328
2*[T] vs T3fnT3: -3.306207385629273e-19 6.612414791095795e-19
Estimated difference between T3^fnT3 - (T2^WT3 + h.c.) is: 3.306207405466522e-19 1.093100740796167e-37
total cost: -3.080018129062095
singles alt: [(8, 0), (9, 1), (10, 0), (11, 1), (12, 0), (13, 1), (14, 0), (15, 1), (8, 2), (9, 3), (10, 2), (11, 3), (12, 2), (13, 3), (14, 2), (15, 3), (8, 4), (9, 5), (10, 4), (11, 5), (12, 4), (13, 5), (14, 4), (15, 5), (8, 6), (9, 7), (10, 6), (11, 7), (12, 6), (13, 7), (14, 6), (15, 7)]
length: 32 328
2*[T] vs T3fnT3: -4.3019068794393547e-19 8.603813784690152e-19
Estimated difference between T3^fnT3 - (T2^WT3 + h.c.) is: 4.301906905250797e-19 1.8506403021444489e-37
total cost: -3.0800181296866387
singles alt: [(8, 0), (9, 1), (10, 0), (11, 1), (12, 0), (13, 1), (14, 0), (15, 1), (8, 2), (9, 3), (10, 2), (11, 3), (12, 2), (13, 3), (14, 2), (15, 3), (8, 4), (9, 5), (10, 4), (11, 5), (12, 4), (13, 5), (14, 4), (15, 5), (8, 6), (9, 7), (10, 6), (11, 7), (12, 6), (13, 7), (14, 6), (15, 7)]
length: 32 328
2*[T] vs T3fnT3: -4.2639647749420145e-19 8.5279295754678175e-19
Estimated difference between T3^fnT3 - (T2^WT3 + h.c.) is: 4.263964800525803e-19 1.818139582012305e-37
total cost: -3.080018129062095
singles alt: [(8, 0), (9, 1), (10, 0), (11, 1), (12, 0), (13, 1), (14, 0), (15, 1), (8, 2), (9, 3), (10, 2), (11, 3), (12, 2), (13, 3), (14, 2), (15, 3), (8, 4), (9, 5), (10, 4), (11, 5), (12, 4), (13, 5), (14, 4), (15, 5), (8, 6), (9, 7), (10, 6), (11, 7), (12, 6), (13, 7), (14, 6), (15, 7)]
length: 32 328
2*[T] vs T3fnT3: -3.397453582905585e-19 6.794907186195892e-19
Estimated difference between T3^fnT3 - (T2^WT3 + h.c.) is: 3.397453603290307e-19 1.1542690986510292e-37
total cost: -3.080018131450889
singles alt: [(8, 0), (9, 1), (10, 0), (11, 1), (12, 0), (13, 1), (14, 0), (15, 1), (8, 2), (9, 3), (10, 2), (11, 3), (12, 2), (13, 3), (14, 2), (15, 3), (8, 4), (9, 5), (10, 4), (11, 5), (12, 4), (13, 5), (14, 4), (15, 5), (8, 6), (9, 7), (10, 6), (11, 7), (12, 6), (13, 7), (14, 6), (15, 7)]
length: 32 328
2*[T] vs T3fnT3: -6.252455861311136e-19 1.2504911760136999e-18
Estimated difference between T3^fnT3 - (T2^WT3 + h.c.) is: 6.252455898825863e-19 3.909320476676233e-37
total cost: -3.080018129062095
singles alt: [(8, 0), (9, 1), (10, 0), (11, 1), (12, 0), (13, 1), (14, 0), (15, 1), (8, 2), (9, 3), (10, 2), (11, 3), (12, 2), (13, 3), (14, 2), (15, 3), (8, 4), (9, 5), (10, 4), (11, 5), (12, 4), (13, 5), (14, 4), (15, 5), (8, 6), (9, 7), (10, 6), (11, 7), (12, 6), (13, 7), (14, 6), (15, 7)]
length: 32 328
2*[T] vs T3fnT3: -2.8159757960358626e-19 5.631951608967579e-19
Estimated difference between T3^fnT3 - (T2^WT3 + h.c.) is: 2.8159758129317167e-19 7.929719779016442e-38
total cost: -3.0800181305768337
singles alt: [(8, 0), (9, 1), (10, 0), (11, 1), (12, 0), (13, 1), (14, 0), (15, 1), (8, 2), (9, 3), (10, 2), (11, 3), (12, 2), (13, 3), (14, 2), (15, 3), (8, 4), (9, 5), (10, 4), (11, 5), (12, 4), (13, 5), (14, 4), (15, 5), (8, 6), (9, 7), (10, 6), (11, 7), (12, 6), (13, 7), (14, 6), (15, 7)]
length: 32 328
2*[T] vs T3fnT3: -4.508006203112208e-19 9.016012433272456e-19
Estimated difference between T3^fnT3 - (T2^WT3 + h.c.) is: 4.508006230160248e-19 2.0322120171163606e-37
total cost: -3.080018129062095
singles alt: [(8, 0), (9, 1), (10, 0), (11, 1), (12, 0), (13, 1), (14, 0), (15, 1), (8, 2), (9, 3), (10, 2), (11, 3), (12, 2), (13, 3), (14, 2), (15, 3), (8, 4), (9, 5), (10, 4), (11, 5), (12, 4), (13, 5), (14, 4), (15, 5), (8, 6), (9, 7), (10, 6), (11, 7), (12, 6), (13, 7), (14, 6), (15, 7)]
length: 32 328
2*[T] vs T3fnT3: -3.0220648745528537e-19 6.044129767238098e-19
Estimated difference between T3^fnT3 - (T2^WT3 + h.c.) is: 3.0220648926852443e-19 9.132876215600677e-38
total cost: -3.080018129592655
singles alt: [(8, 0), (9, 1), (10, 0), (11, 1), (12, 0), (13, 1), (14, 0), (15, 1), (8, 2), (9, 3), (10, 2), (11, 3), (12, 2), (13, 3), (14, 2), (15, 3), (8, 4), (9, 5), (10, 4), (11, 5), (12, 4), (13, 5), (14, 4), (15, 5), (8, 6), (9, 7), (10, 6), (11, 7), (12, 6), (13, 7), (14, 6), (15, 7)]
length: 32 328
2*[T] vs T3fnT3: -6.494555281242282e-19 1.2989110601451887e-18
Estimated difference between T3^fnT3 - (T2^WT3 + h.c.) is: 6.494555320209605e-19 4.217924880726289e-37
total cost: -3.080018130349922
singles alt: [(8, 0), (9, 1), (10, 0), (11, 1), (12, 0), (13, 1), (14, 0), (15, 1), (8, 2), (9, 3), (10, 2), (11, 3), (12, 2), (13, 3), (14, 2), (15, 3), (8, 4), (9, 5), (10, 4), (11, 5), (12, 4), (13, 5), (14, 4), (15, 5), (8, 6), (9, 7), (10, 6), (11, 7), (12, 6), (13, 7), (14, 6), (15, 7)]
length: 32 328
2*[T] vs T3fnT3: -5.268829495284683e-19 1.0537659022182344e-18
Estimated difference between T3^fnT3 - (T2^WT3 + h.c.) is: 5.268829526897662e-19 2.7760564583508634e-37
total cost: -3.080018129062095
singles alt: [(8, 0), (9, 1), (10, 0), (11, 1), (12, 0), (13, 1), (14, 0), (15, 1), (8, 2), (9, 3), (10, 2), (11, 3), (12, 2), (13, 3), (14, 2), (15, 3), (8, 4), (9, 5), (10, 4), (11, 5), (12, 4), (13, 5), (14, 4), (15, 5), (8, 6), (9, 7), (10, 6), (11, 7), (12, 6), (13, 7), (14, 6), (15, 7)]
length: 32 328
2*[T] vs T3fnT3: -5.868997557368746e-19 1.1737995149951478e-18
Estimated difference between T3^fnT3 - (T2^WT3 + h.c.) is: 5.868997592582732e-19 3.4445132741741903e-37
total cost: -3.0800181302931997
singles alt: [(8, 0), (9, 1), (10, 0), (11, 1), (12, 0), (13, 1), (14, 0), (15, 1), (8, 2), (9, 3), (10, 2), (11, 3), (12, 2), (13, 3), (14, 2), (15, 3), (8, 4), (9, 5), (10, 4), (11, 5), (12, 4), (13, 5), (14, 4), (15, 5), (8, 6), (9, 7), (10, 6), (11, 7), (12, 6), (13, 7), (14, 6), (15, 7)]
length: 32 328
2*[T] vs T3fnT3: -4.722931897550164e-19 9.44586382343792e-19
Estimated difference between T3^fnT3 - (T2^WT3 + h.c.) is: 4.722931925887756e-19 2.230608597656983e-37
total cost: -3.080018129062095
singles alt: [(8, 0), (9, 1), (10, 0), (11, 1), (12, 0), (13, 1), (14, 0), (15, 1), (8, 2), (9, 3), (10, 2), (11, 3), (12, 2), (13, 3), (14, 2), (15, 3), (8, 4), (9, 5), (10, 4), (11, 5), (12, 4), (13, 5), (14, 4), (15, 5), (8, 6), (9, 7), (10, 6), (11, 7), (12, 6), (13, 7), (14, 6), (15, 7)]
length: 32 328
2*[T] vs T3fnT3: -5.084823549026258e-19 1.0169647128561456e-18
Estimated difference between T3^fnT3 - (T2^WT3 + h.c.) is: 5.084823579535199e-19 2.585543083499715e-37
total cost: -3.080018129062095
singles alt: [(8, 0), (9, 1), (10, 0), (11, 1), (12, 0), (13, 1), (14, 0), (15, 1), (8, 2), (9, 3), (10, 2), (11, 3), (12, 2), (13, 3), (14, 2), (15, 3), (8, 4), (9, 5), (10, 4), (11, 5), (12, 4), (13, 5), (14, 4), (15, 5), (8, 6), (9, 7), (10, 6), (11, 7), (12, 6), (13, 7), (14, 6), (15, 7)]
length: 32 328
2*[T] vs T3fnT3: -2.5741143730098824e-19 5.148228761464451e-19
Estimated difference between T3^fnT3 - (T2^WT3 + h.c.) is: 2.5741143884545685e-19 6.626064884848837e-38
total cost: -3.0800181299262643
singles alt: [(8, 0), (9, 1), (10, 0), (11, 1), (12, 0), (13, 1), (14, 0), (15, 1), (8, 2), (9, 3), (10, 2), (11, 3), (12, 2), (13, 3), (14, 2), (15, 3), (8, 4), (9, 5), (10, 4), (11, 5), (12, 4), (13, 5), (14, 4), (15, 5), (8, 6), (9, 7), (10, 6), (11, 7), (12, 6), (13, 7), (14, 6), (15, 7)]
length: 32 328
2*[T] vs T3fnT3: -3.9776927976714443e-19 7.955385619209045e-19
Estimated difference between T3^fnT3 - (T2^WT3 + h.c.) is: 3.977692821537601e-19 1.5822040182511761e-37
total cost: -3.080018129062095
singles alt: [(8, 0), (9, 1), (10, 0), (11, 1), (12, 0), (13, 1), (14, 0), (15, 1), (8, 2), (9, 3), (10, 2), (11, 3), (12, 2), (13, 3), (14, 2), (15, 3), (8, 4), (9, 5), (10, 4), (11, 5), (12, 4), (13, 5), (14, 4), (15, 5), (8, 6), (9, 7), (10, 6), (11, 7), (12, 6), (13, 7), (14, 6), (15, 7)]
length: 32 328
2*[T] vs T3fnT3: -2.7028010627926144e-19 5.4056021418020365e-19
Estimated difference between T3^fnT3 - (T2^WT3 + h.c.) is: 2.702801079009422e-19 7.305133672694497e-38
total cost: -3.08001812713148
singles alt: [(8, 0), (9, 1), (10, 0), (11, 1), (12, 0), (13, 1), (14, 0), (15, 1), (8, 2), (9, 3), (10, 2), (11, 3), (12, 2), (13, 3), (14, 2), (15, 3), (8, 4), (9, 5), (10, 4), (11, 5), (12, 4), (13, 5), (14, 4), (15, 5), (8, 6), (9, 7), (10, 6), (11, 7), (12, 6), (13, 7), (14, 6), (15, 7)]
length: 32 328
2*[T] vs T3fnT3: -6.102004194364216e-19 1.220400842534046e-18
Estimated difference between T3^fnT3 - (T2^WT3 + h.c.) is: 6.102004230976244e-19 3.7234455634851986e-37
total cost: -3.0800181295215485
singles alt: [(8, 0), (9, 1), (10, 0), (11, 1), (12, 0), (13, 1), (14, 0), (15, 1), (8, 2), (9, 3), (10, 2), (11, 3), (12, 2), (13, 3), (14, 2), (15, 3), (8, 4), (9, 5), (10, 4), (11, 5), (12, 4), (13, 5), (14, 4), (15, 5), (8, 6), (9, 7), (10, 6), (11, 7), (12, 6), (13, 7), (14, 6), (15, 7)]
length: 32 328
2*[T] vs T3fnT3: -4.2170750324226886e-19 8.434150090147827e-19
Estimated difference between T3^fnT3 - (T2^WT3 + h.c.) is: 4.2170750577251383e-19 1.7783722042487478e-37
total cost: -3.080018129062095
singles alt: [(8, 0), (9, 1), (10, 0), (11, 1), (12, 0), (13, 1), (14, 0), (15, 1), (8, 2), (9, 3), (10, 2), (11, 3), (12, 2), (13, 3), (14, 2), (15, 3), (8, 4), (9, 5), (10, 4), (11, 5), (12, 4), (13, 5), (14, 4), (15, 5), (8, 6), (9, 7), (10, 6), (11, 7), (12, 6), (13, 7), (14, 6), (15, 7)]
length: 32 328
2*[T] vs T3fnT3: -5.303064517299778e-19 1.0606129066417941e-18
Estimated difference between T3^fnT3 - (T2^WT3 + h.c.) is: 5.303064549118163e-19 2.8122493612113826e-37
total cost: -3.080018127675946
singles alt: [(8, 0), (9, 1), (10, 0), (11, 1), (12, 0), (13, 1), (14, 0), (15, 1), (8, 2), (9, 3), (10, 2), (11, 3), (12, 2), (13, 3), (14, 2), (15, 3), (8, 4), (9, 5), (10, 4), (11, 5), (12, 4), (13, 5), (14, 4), (15, 5), (8, 6), (9, 7), (10, 6), (11, 7), (12, 6), (13, 7), (14, 6), (15, 7)]
length: 32 328
2*[T] vs T3fnT3: -4.240208206156615e-19 8.480416437754478e-19
Estimated difference between T3^fnT3 - (T2^WT3 + h.c.) is: 4.240208231597863e-19 1.7979365847310275e-37
total cost: -3.080018129062095
singles alt: [(8, 0), (9, 1), (10, 0), (11, 1), (12, 0), (13, 1), (14, 0), (15, 1), (8, 2), (9, 3), (10, 2), (11, 3), (12, 2), (13, 3), (14, 2), (15, 3), (8, 4), (9, 5), (10, 4), (11, 5), (12, 4), (13, 5), (14, 4), (15, 5), (8, 6), (9, 7), (10, 6), (11, 7), (12, 6), (13, 7), (14, 6), (15, 7)]
length: 32 328
2*[T] vs T3fnT3: -6.186303540736181e-19 1.2372607118590184e-18
Estimated difference between T3^fnT3 - (T2^WT3 + h.c.) is: 6.186303577854003e-19 3.827035195736924e-37
total cost: -3.080018128207983
singles alt: [(8, 0), (9, 1), (10, 0), (11, 1), (12, 0), (13, 1), (14, 0), (15, 1), (8, 2), (9, 3), (10, 2), (11, 3), (12, 2), (13, 3), (14, 2), (15, 3), (8, 4), (9, 5), (10, 4), (11, 5), (12, 4), (13, 5), (14, 4), (15, 5), (8, 6), (9, 7), (10, 6), (11, 7), (12, 6), (13, 7), (14, 6), (15, 7)]
length: 32 328
2*[T] vs T3fnT3: -3.584485947960465e-19 7.168971917427846e-19
Estimated difference between T3^fnT3 - (T2^WT3 + h.c.) is: 3.5844859694673813e-19 1.2848539665308512e-37
total cost: -3.080018129062095
singles alt: [(8, 0), (9, 1), (10, 0), (11, 1), (12, 0), (13, 1), (14, 0), (15, 1), (8, 2), (9, 3), (10, 2), (11, 3), (12, 2), (13, 3), (14, 2), (15, 3), (8, 4), (9, 5), (10, 4), (11, 5), (12, 4), (13, 5), (14, 4), (15, 5), (8, 6), (9, 7), (10, 6), (11, 7), (12, 6), (13, 7), (14, 6), (15, 7)]
length: 32 328
2*[T] vs T3fnT3: -4.723361133367254e-19 9.446722295074675e-19
Estimated difference between T3^fnT3 - (T2^WT3 + h.c.) is: 4.723361161707421e-19 2.2310140663926076e-37
total cost: -3.080018130574249
singles alt: [(8, 0), (9, 1), (10, 0), (11, 1), (12, 0), (13, 1), (14, 0), (15, 1), (8, 2), (9, 3), (10, 2), (11, 3), (12, 2), (13, 3), (14, 2), (15, 3), (8, 4), (9, 5), (10, 4), (11, 5), (12, 4), (13, 5), (14, 4), (15, 5), (8, 6), (9, 7), (10, 6), (11, 7), (12, 6), (13, 7), (14, 6), (15, 7)]
length: 32 328
2*[T] vs T3fnT3: -4.3056982125384045e-19 8.611396450911e-19
Estimated difference between T3^fnT3 - (T2^WT3 + h.c.) is: 4.3056982383725957e-19 1.8539037319924874e-37
total cost: -3.080018129062095
singles alt: [(8, 0), (9, 1), (10, 0), (11, 1), (12, 0), (13, 1), (14, 0), (15, 1), (8, 2), (9, 3), (10, 2), (11, 3), (12, 2), (13, 3), (14, 2), (15, 3), (8, 4), (9, 5), (10, 4), (11, 5), (12, 4), (13, 5), (14, 4), (15, 5), (8, 6), (9, 7), (10, 6), (11, 7), (12, 6), (13, 7), (14, 6), (15, 7)]
length: 32 328
2*[T] vs T3fnT3: -4.994867930121921e-19 9.98973589021305e-19
Estimated difference between T3^fnT3 - (T2^WT3 + h.c.) is: 4.99486796009113e-19 2.4948705938744924e-37
total cost: -3.080018129062095
singles alt: [(8, 0), (9, 1), (10, 0), (11, 1), (12, 0), (13, 1), (14, 0), (15, 1), (8, 2), (9, 3), (10, 2), (11, 3), (12, 2), (13, 3), (14, 2), (15, 3), (8, 4), (9, 5), (10, 4), (11, 5), (12, 4), (13, 5), (14, 4), (15, 5), (8, 6), (9, 7), (10, 6), (11, 7), (12, 6), (13, 7), (14, 6), (15, 7)]
length: 32 328
2*[T] vs T3fnT3: -4.670333364351581e-19 9.340666756725165e-19
Estimated difference between T3^fnT3 - (T2^WT3 + h.c.) is: 4.670333392373584e-19 2.181201399591975e-37
total cost: -3.080018129526298
singles alt: [(8, 0), (9, 1), (10, 0), (11, 1), (12, 0), (13, 1), (14, 0), (15, 1), (8, 2), (9, 3), (10, 2), (11, 3), (12, 2), (13, 3), (14, 2), (15, 3), (8, 4), (9, 5), (10, 4), (11, 5), (12, 4), (13, 5), (14, 4), (15, 5), (8, 6), (9, 7), (10, 6), (11, 7), (12, 6), (13, 7), (14, 6), (15, 7)]
length: 32 328
2*[T] vs T3fnT3: -4.900293157605705e-19 9.800586344613166e-19
Estimated difference between T3^fnT3 - (T2^WT3 + h.c.) is: 4.90029318700746e-19 2.4012873318631732e-37
total cost: -3.080018129062095
singles alt: [(8, 0), (9, 1), (10, 0), (11, 1), (12, 0), (13, 1), (14, 0), (15, 1), (8, 2), (9, 3), (10, 2), (11, 3), (12, 2), (13, 3), (14, 2), (15, 3), (8, 4), (9, 5), (10, 4), (11, 5), (12, 4), (13, 5), (14, 4), (15, 5), (8, 6), (9, 7), (10, 6), (11, 7), (12, 6), (13, 7), (14, 6), (15, 7)]
length: 32 328
2*[T] vs T3fnT3: -4.767037191388893e-19 9.534074411380006e-19
Estimated difference between T3^fnT3 - (T2^WT3 + h.c.) is: 4.767037219991113e-19 2.27246438567806e-37
total cost: -3.080018127095909
singles alt: [(8, 0), (9, 1), (10, 0), (11, 1), (12, 0), (13, 1), (14, 0), (15, 1), (8, 2), (9, 3), (10, 2), (11, 3), (12, 2), (13, 3), (14, 2), (15, 3), (8, 4), (9, 5), (10, 4), (11, 5), (12, 4), (13, 5), (14, 4), (15, 5), (8, 6), (9, 7), (10, 6), (11, 7), (12, 6), (13, 7), (14, 6), (15, 7)]
length: 32 328
2*[T] vs T3fnT3: -5.229498058853356e-19 1.0458996149083705e-18
Estimated difference between T3^fnT3 - (T2^WT3 + h.c.) is: 5.229498090230349e-19 2.7347650275722866e-37
total cost: -3.0800181302567617
singles alt: [(8, 0), (9, 1), (10, 0), (11, 1), (12, 0), (13, 1), (14, 0), (15, 1), (8, 2), (9, 3), (10, 2), (11, 3), (12, 2), (13, 3), (14, 2), (15, 3), (8, 4), (9, 5), (10, 4), (11, 5), (12, 4), (13, 5), (14, 4), (15, 5), (8, 6), (9, 7), (10, 6), (11, 7), (12, 6), (13, 7), (14, 6), (15, 7)]
length: 32 328
2*[T] vs T3fnT3: -3.717955938115793e-19 7.435911898539322e-19
Estimated difference between T3^fnT3 - (T2^WT3 + h.c.) is: 3.7179559604235295e-19 1.3823196523648849e-37
total cost: -3.080018129062095
singles alt: [(8, 0), (9, 1), (10, 0), (11, 1), (12, 0), (13, 1), (14, 0), (15, 1), (8, 2), (9, 3), (10, 2), (11, 3), (12, 2), (13, 3), (14, 2), (15, 3), (8, 4), (9, 5), (10, 4), (11, 5), (12, 4), (13, 5), (14, 4), (15, 5), (8, 6), (9, 7), (10, 6), (11, 7), (12, 6), (13, 7), (14, 6), (15, 7)]
length: 32 328
2*[T] vs T3fnT3: -4.763567518587055e-19 9.527135065755521e-19
Estimated difference between T3^fnT3 - (T2^WT3 + h.c.) is: 4.763567547168466e-19 2.2691575776436597e-37
total cost: -3.08001812995205
singles alt: [(8, 0), (9, 1), (10, 0), (11, 1), (12, 0), (13, 1), (14, 0), (15, 1), (8, 2), (9, 3), (10, 2), (11, 3), (12, 2), (13, 3), (14, 2), (15, 3), (8, 4), (9, 5), (10, 4), (11, 5), (12, 4), (13, 5), (14, 4), (15, 5), (8, 6), (9, 7), (10, 6), (11, 7), (12, 6), (13, 7), (14, 6), (15, 7)]
length: 32 328
2*[T] vs T3fnT3: -4.6904738330905675e-19 9.380947694323973e-19
Estimated difference between T3^fnT3 - (T2^WT3 + h.c.) is: 4.690473861233406e-19 2.2000545042913815e-37
total cost: -3.080018129062095
singles alt: [(8, 0), (9, 1), (10, 0), (11, 1), (12, 0), (13, 1), (14, 0), (15, 1), (8, 2), (9, 3), (10, 2), (11, 3), (12, 2), (13, 3), (14, 2), (15, 3), (8, 4), (9, 5), (10, 4), (11, 5), (12, 4), (13, 5), (14, 4), (15, 5), (8, 6), (9, 7), (10, 6), (11, 7), (12, 6), (13, 7), (14, 6), (15, 7)]
length: 32 328
2*[T] vs T3fnT3: -4.871845949653812e-19 9.743691928538696e-19
Estimated difference between T3^fnT3 - (T2^WT3 + h.c.) is: 4.871845978884885e-19 2.373488324197682e-37
total cost: -3.080018129062095
singles alt: [(8, 0), (9, 1), (10, 0), (11, 1), (12, 0), (13, 1), (14, 0), (15, 1), (8, 2), (9, 3), (10, 2), (11, 3), (12, 2), (13, 3), (14, 2), (15, 3), (8, 4), (9, 5), (10, 4), (11, 5), (12, 4), (13, 5), (14, 4), (15, 5), (8, 6), (9, 7), (10, 6), (11, 7), (12, 6), (13, 7), (14, 6), (15, 7)]
length: 32 328
2*[T] vs T3fnT3: -3.669758359020065e-19 7.339516740058677e-19
Estimated difference between T3^fnT3 - (T2^WT3 + h.c.) is: 3.6697583810386125e-19 1.3467126575203138e-37
total cost: -3.0800181276042853
singles alt: [(8, 0), (9, 1), (10, 0), (11, 1), (12, 0), (13, 1), (14, 0), (15, 1), (8, 2), (9, 3), (10, 2), (11, 3), (12, 2), (13, 3), (14, 2), (15, 3), (8, 4), (9, 5), (10, 4), (11, 5), (12, 4), (13, 5), (14, 4), (15, 5), (8, 6), (9, 7), (10, 6), (11, 7), (12, 6), (13, 7), (14, 6), (15, 7)]
length: 32 328
2*[T] vs T3fnT3: -4.1305100854078616e-19 8.261020195598783e-19
Estimated difference between T3^fnT3 - (T2^WT3 + h.c.) is: 4.1305101101909217e-19 1.706111377038942e-37
total cost: -3.080018129062095
singles alt: [(8, 0), (9, 1), (10, 0), (11, 1), (12, 0), (13, 1), (14, 0), (15, 1), (8, 2), (9, 3), (10, 2), (11, 3), (12, 2), (13, 3), (14, 2), (15, 3), (8, 4), (9, 5), (10, 4), (11, 5), (12, 4), (13, 5), (14, 4), (15, 5), (8, 6), (9, 7), (10, 6), (11, 7), (12, 6), (13, 7), (14, 6), (15, 7)]
length: 32 328
2*[T] vs T3fnT3: -4.23717411907448e-19 8.474348263572002e-19
Estimated difference between T3^fnT3 - (T2^WT3 + h.c.) is: 4.2371741444975217e-19 1.7953644730798306e-37
total cost: -3.0800181284523296
singles alt: [(8, 0), (9, 1), (10, 0), (11, 1), (12, 0), (13, 1), (14, 0), (15, 1), (8, 2), (9, 3), (10, 2), (11, 3), (12, 2), (13, 3), (14, 2), (15, 3), (8, 4), (9, 5), (10, 4), (11, 5), (12, 4), (13, 5), (14, 4), (15, 5), (8, 6), (9, 7), (10, 6), (11, 7), (12, 6), (13, 7), (14, 6), (15, 7)]
length: 32 328
2*[T] vs T3fnT3: -5.470559815242936e-19 1.0941119663309229e-18
Estimated difference between T3^fnT3 - (T2^WT3 + h.c.) is: 5.470559848066293e-19 2.99270250512751e-37
total cost: -3.080018129062095
singles alt: [(8, 0), (9, 1), (10, 0), (11, 1), (12, 0), (13, 1), (14, 0), (15, 1), (8, 2), (9, 3), (10, 2), (11, 3), (12, 2), (13, 3), (14, 2), (15, 3), (8, 4), (9, 5), (10, 4), (11, 5), (12, 4), (13, 5), (14, 4), (15, 5), (8, 6), (9, 7), (10, 6), (11, 7), (12, 6), (13, 7), (14, 6), (15, 7)]
length: 32 328
2*[T] vs T3fnT3: -3.655464717335166e-19 7.310929456603119e-19
Estimated difference between T3^fnT3 - (T2^WT3 + h.c.) is: 3.655464739267953e-19 1.3362422460031324e-37
total cost: -3.080018128200952
singles alt: [(8, 0), (9, 1), (10, 0), (11, 1), (12, 0), (13, 1), (14, 0), (15, 1), (8, 2), (9, 3), (10, 2), (11, 3), (12, 2), (13, 3), (14, 2), (15, 3), (8, 4), (9, 5), (10, 4), (11, 5), (12, 4), (13, 5), (14, 4), (15, 5), (8, 6), (9, 7), (10, 6), (11, 7), (12, 6), (13, 7), (14, 6), (15, 7)]
length: 32 328
2*[T] vs T3fnT3: -5.144595917929439e-19 1.0289191866726453e-18
Estimated difference between T3^fnT3 - (T2^WT3 + h.c.) is: 5.144595948797014e-19 2.6466867476378645e-37
total cost: -3.080018129062095
singles alt: [(8, 0), (9, 1), (10, 0), (11, 1), (12, 0), (13, 1), (14, 0), (15, 1), (8, 2), (9, 3), (10, 2), (11, 3), (12, 2), (13, 3), (14, 2), (15, 3), (8, 4), (9, 5), (10, 4), (11, 5), (12, 4), (13, 5), (14, 4), (15, 5), (8, 6), (9, 7), (10, 6), (11, 7), (12, 6), (13, 7), (14, 6), (15, 7)]
length: 32 328
2*[T] vs T3fnT3: -2.41416010529438e-19 4.828320225073718e-19
Estimated difference between T3^fnT3 - (T2^WT3 + h.c.) is: 2.4141601197793385e-19 5.82816908393299e-38
total cost: -3.080018126664693
singles alt: [(8, 0), (9, 1), (10, 0), (11, 1), (12, 0), (13, 1), (14, 0), (15, 1), (8, 2), (9, 3), (10, 2), (11, 3), (12, 2), (13, 3), (14, 2), (15, 3), (8, 4), (9, 5), (10, 4), (11, 5), (12, 4), (13, 5), (14, 4), (15, 5), (8, 6), (9, 7), (10, 6), (11, 7), (12, 6), (13, 7), (14, 6), (15, 7)]
length: 32 328
2*[T] vs T3fnT3: -5.569574405404716e-19 1.1139148844226883e-18
Estimated difference between T3^fnT3 - (T2^WT3 + h.c.) is: 5.569574438822167e-19 3.102015942958126e-37
total cost: -3.080018128262964
singles alt: [(8, 0), (9, 1), (10, 0), (11, 1), (12, 0), (13, 1), (14, 0), (15, 1), (8, 2), (9, 3), (10, 2), (11, 3), (12, 2), (13, 3), (14, 2), (15, 3), (8, 4), (9, 5), (10, 4), (11, 5), (12, 4), (13, 5), (14, 4), (15, 5), (8, 6), (9, 7), (10, 6), (11, 7), (12, 6), (13, 7), (14, 6), (15, 7)]
length: 32 328
2*[T] vs T3fnT3: -6.099022027861887e-19 1.2198044092317914e-18
Estimated difference between T3^fnT3 - (T2^WT3 + h.c.) is: 6.099022064456027e-19 3.719807014272146e-37
total cost: -3.080018129062095
singles alt: [(8, 0), (9, 1), (10, 0), (11, 1), (12, 0), (13, 1), (14, 0), (15, 1), (8, 2), (9, 3), (10, 2), (11, 3), (12, 2), (13, 3), (14, 2), (15, 3), (8, 4), (9, 5), (10, 4), (11, 5), (12, 4), (13, 5), (14, 4), (15, 5), (8, 6), (9, 7), (10, 6), (11, 7), (12, 6), (13, 7), (14, 6), (15, 7)]
length: 32 328
2*[T] vs T3fnT3: -6.800930999198855e-19 1.3601862039203289e-18
Estimated difference between T3^fnT3 - (T2^WT3 + h.c.) is: 6.800931040004434e-19 4.625266301089579e-37
total cost: -3.0800181303641367
singles alt: [(8, 0), (9, 1), (10, 0), (11, 1), (12, 0), (13, 1), (14, 0), (15, 1), (8, 2), (9, 3), (10, 2), (11, 3), (12, 2), (13, 3), (14, 2), (15, 3), (8, 4), (9, 5), (10, 4), (11, 5), (12, 4), (13, 5), (14, 4), (15, 5), (8, 6), (9, 7), (10, 6), (11, 7), (12, 6), (13, 7), (14, 6), (15, 7)]
length: 32 328
2*[T] vs T3fnT3: -4.2091240478597837e-19 8.418248120974312e-19
Estimated difference between T3^fnT3 - (T2^WT3 + h.c.) is: 4.209124073114528e-19 1.7716725462872235e-37
total cost: -3.080018129062095
singles alt: [(8, 0), (9, 1), (10, 0), (11, 1), (12, 0), (13, 1), (14, 0), (15, 1), (8, 2), (9, 3), (10, 2), (11, 3), (12, 2), (13, 3), (14, 2), (15, 3), (8, 4), (9, 5), (10, 4), (11, 5), (12, 4), (13, 5), (14, 4), (15, 5), (8, 6), (9, 7), (10, 6), (11, 7), (12, 6), (13, 7), (14, 6), (15, 7)]
length: 32 328
2*[T] vs T3fnT3: -4.752821370545298e-19 9.505642769607521e-19
Estimated difference between T3^fnT3 - (T2^WT3 + h.c.) is: 4.752821399062223e-19 2.2589311251383787e-37
total cost: -3.080018129062095
singles alt: [(8, 0), (9, 1), (10, 0), (11, 1), (12, 0), (13, 1), (14, 0), (15, 1), (8, 2), (9, 3), (10, 2), (11, 3), (12, 2), (13, 3), (14, 2), (15, 3), (8, 4), (9, 5), (10, 4), (11, 5), (12, 4), (13, 5), (14, 4), (15, 5), (8, 6), (9, 7), (10, 6), (11, 7), (12, 6), (13, 7), (14, 6), (15, 7)]
length: 32 328
2*[T] vs T3fnT3: -3.872187544059945e-19 7.744375111353015e-19
Estimated difference between T3^fnT3 - (T2^WT3 + h.c.) is: 3.8721875672930697e-19 1.4993836556299021e-37
total cost: -3.080018130272125
singles alt: [(8, 0), (9, 1), (10, 0), (11, 1), (12, 0), (13, 1), (14, 0), (15, 1), (8, 2), (9, 3), (10, 2), (11, 3), (12, 2), (13, 3), (14, 2), (15, 3), (8, 4), (9, 5), (10, 4), (11, 5), (12, 4), (13, 5), (14, 4), (15, 5), (8, 6), (9, 7), (10, 6), (11, 7), (12, 6), (13, 7), (14, 6), (15, 7)]
length: 32 328
2*[T] vs T3fnT3: -5.159754751381407e-19 1.0319509533721342e-18
Estimated difference between T3^fnT3 - (T2^WT3 + h.c.) is: 5.159754782339935e-19 2.6623069413879836e-37
total cost: -3.080018129062095
singles alt: [(8, 0), (9, 1), (10, 0), (11, 1), (12, 0), (13, 1), (14, 0), (15, 1), (8, 2), (9, 3), (10, 2), (11, 3), (12, 2), (13, 3), (14, 2), (15, 3), (8, 4), (9, 5), (10, 4), (11, 5), (12, 4), (13, 5), (14, 4), (15, 5), (8, 6), (9, 7), (10, 6), (11, 7), (12, 6), (13, 7), (14, 6), (15, 7)]
length: 32 328
2*[T] vs T3fnT3: -2.9145082910778515e-19 5.829016599642751e-19
Estimated difference between T3^fnT3 - (T2^WT3 + h.c.) is: 2.9145083085648996e-19 8.494358680693832e-38
total cost: -3.080018129566334
singles alt: [(8, 0), (9, 1), (10, 0), (11, 1), (12, 0), (13, 1), (14, 0), (15, 1), (8, 2), (9, 3), (10, 2), (11, 3), (12, 2), (13, 3), (14, 2), (15, 3), (8, 4), (9, 5), (10, 4), (11, 5), (12, 4), (13, 5), (14, 4), (15, 5), (8, 6), (9, 7), (10, 6), (11, 7), (12, 6), (13, 7), (14, 6), (15, 7)]
length: 32 328
2*[T] vs T3fnT3: -5.183380002122422e-19 1.0366760035345127e-18
Estimated difference between T3^fnT3 - (T2^WT3 + h.c.) is: 5.183380033222705e-19 2.6867428568811806e-37
total cost: -3.0800181272022726
singles alt: [(8, 0), (9, 1), (10, 0), (11, 1), (12, 0), (13, 1), (14, 0), (15, 1), (8, 2), (9, 3), (10, 2), (11, 3), (12, 2), (13, 3), (14, 2), (15, 3), (8, 4), (9, 5), (10, 4), (11, 5), (12, 4), (13, 5), (14, 4), (15, 5), (8, 6), (9, 7), (10, 6), (11, 7), (12, 6), (13, 7), (14, 6), (15, 7)]
length: 32 328
2*[T] vs T3fnT3: -4.918114122943263e-19 9.836228275395215e-19
Estimated difference between T3^fnT3 - (T2^WT3 + h.c.) is: 4.918114152451952e-19 2.418784681654818e-37
total cost: -3.080018129062095
singles alt: [(8, 0), (9, 1), (10, 0), (11, 1), (12, 0), (13, 1), (14, 0), (15, 1), (8, 2), (9, 3), (10, 2), (11, 3), (12, 2), (13, 3), (14, 2), (15, 3), (8, 4), (9, 5), (10, 4), (11, 5), (12, 4), (13, 5), (14, 4), (15, 5), (8, 6), (9, 7), (10, 6), (11, 7), (12, 6), (13, 7), (14, 6), (15, 7)]
length: 32 328
2*[T] vs T3fnT3: -6.102996193822536e-19 1.2205992424263046e-18
Estimated difference between T3^fnT3 - (T2^WT3 + h.c.) is: 6.10299623044051e-19 3.7246562988771076e-37
total cost: -3.080018129500436
singles alt: [(8, 0), (9, 1), (10, 0), (11, 1), (12, 0), (13, 1), (14, 0), (15, 1), (8, 2), (9, 3), (10, 2), (11, 3), (12, 2), (13, 3), (14, 2), (15, 3), (8, 4), (9, 5), (10, 4), (11, 5), (12, 4), (13, 5), (14, 4), (15, 5), (8, 6), (9, 7), (10, 6), (11, 7), (12, 6), (13, 7), (14, 6), (15, 7)]
length: 32 328
2*[T] vs T3fnT3: -3.2414189876133965e-19 6.482837994675306e-19
Estimated difference between T3^fnT3 - (T2^WT3 + h.c.) is: 3.24141900706191e-19 1.0506797179342217e-37
total cost: -3.080018129062095
singles alt: [(8, 0), (9, 1), (10, 0), (11, 1), (12, 0), (13, 1), (14, 0), (15, 1), (8, 2), (9, 3), (10, 2), (11, 3), (12, 2), (13, 3), (14, 2), (15, 3), (8, 4), (9, 5), (10, 4), (11, 5), (12, 4), (13, 5), (14, 4), (15, 5), (8, 6), (9, 7), (10, 6), (11, 7), (12, 6), (13, 7), (14, 6), (15, 7)]
length: 32 328
2*[T] vs T3fnT3: -6.252455861311135e-19 1.2504911760137002e-18
Estimated difference between T3^fnT3 - (T2^WT3 + h.c.) is: 6.252455898825868e-19 3.909320476676239e-37
total cost: -3.080018129062095
singles alt: [(8, 0), (9, 1), (10, 0), (11, 1), (12, 0), (13, 1), (14, 0), (15, 1), (8, 2), (9, 3), (10, 2), (11, 3), (12, 2), (13, 3), (14, 2), (15, 3), (8, 4), (9, 5), (10, 4), (11, 5), (12, 4), (13, 5), (14, 4), (15, 5), (8, 6), (9, 7), (10, 6), (11, 7), (12, 6), (13, 7), (14, 6), (15, 7)]
length: 32 328
2*[T] vs T3fnT3: -6.494555281242284e-19 1.298911060145189e-18
Estimated difference between T3^fnT3 - (T2^WT3 + h.c.) is: 6.494555320209605e-19 4.217924880726289e-37
total cost: -3.080018130349922
singles alt: [(8, 0), (9, 1), (10, 0), (11, 1), (12, 0), (13, 1), (14, 0), (15, 1), (8, 2), (9, 3), (10, 2), (11, 3), (12, 2), (13, 3), (14, 2), (15, 3), (8, 4), (9, 5), (10, 4), (11, 5), (12, 4), (13, 5), (14, 4), (15, 5), (8, 6), (9, 7), (10, 6), (11, 7), (12, 6), (13, 7), (14, 6), (15, 7)]
length: 32 328
2*[T] vs T3fnT3: -5.084823549026259e-19 1.0169647128561454e-18
Estimated difference between T3^fnT3 - (T2^WT3 + h.c.) is: 5.084823579535195e-19 2.5855430834997113e-37
total cost: -3.080018129062095
singles alt: [(8, 0), (9, 1), (10, 0), (11, 1), (12, 0), (13, 1), (14, 0), (15, 1), (8, 2), (9, 3), (10, 2), (11, 3), (12, 2), (13, 3), (14, 2), (15, 3), (8, 4), (9, 5), (10, 4), (11, 5), (12, 4), (13, 5), (14, 4), (15, 5), (8, 6), (9, 7), (10, 6), (11, 7), (12, 6), (13, 7), (14, 6), (15, 7)]
length: 32 328
2*[T] vs T3fnT3: -6.102004194364218e-19 1.220400842534046e-18
Estimated difference between T3^fnT3 - (T2^WT3 + h.c.) is: 6.102004230976242e-19 3.7234455634851965e-37
total cost: -3.0800181295215485
singles alt: [(8, 0), (9, 1), (10, 0), (11, 1), (12, 0), (13, 1), (14, 0), (15, 1), (8, 2), (9, 3), (10, 2), (11, 3), (12, 2), (13, 3), (14, 2), (15, 3), (8, 4), (9, 5), (10, 4), (11, 5), (12, 4), (13, 5), (14, 4), (15, 5), (8, 6), (9, 7), (10, 6), (11, 7), (12, 6), (13, 7), (14, 6), (15, 7)]
length: 32 328
2*[T] vs T3fnT3: -2.8159757960358626e-19 5.631951608967579e-19
Estimated difference between T3^fnT3 - (T2^WT3 + h.c.) is: 2.8159758129317167e-19 7.929719779016442e-38
total cost: -3.0800181305768337
singles alt: [(8, 0), (9, 1), (10, 0), (11, 1), (12, 0), (13, 1), (14, 0), (15, 1), (8, 2), (9, 3), (10, 2), (11, 3), (12, 2), (13, 3), (14, 2), (15, 3), (8, 4), (9, 5), (10, 4), (11, 5), (12, 4), (13, 5), (14, 4), (15, 5), (8, 6), (9, 7), (10, 6), (11, 7), (12, 6), (13, 7), (14, 6), (15, 7)]
length: 32 328
2*[T] vs T3fnT3: -5.268829495284685e-19 1.0537659022182346e-18
Estimated difference between T3^fnT3 - (T2^WT3 + h.c.) is: 5.268829526897662e-19 2.7760564583508634e-37
total cost: -3.080018129062095
singles alt: [(8, 0), (9, 1), (10, 0), (11, 1), (12, 0), (13, 1), (14, 0), (15, 1), (8, 2), (9, 3), (10, 2), (11, 3), (12, 2), (13, 3), (14, 2), (15, 3), (8, 4), (9, 5), (10, 4), (11, 5), (12, 4), (13, 5), (14, 4), (15, 5), (8, 6), (9, 7), (10, 6), (11, 7), (12, 6), (13, 7), (14, 6), (15, 7)]
length: 32 328
2*[T] vs T3fnT3: -2.5741143730098834e-19 5.14822876146445e-19
Estimated difference between T3^fnT3 - (T2^WT3 + h.c.) is: 2.5741143884545666e-19 6.626064884848827e-38
total cost: -3.0800181299262643
singles alt: [(8, 0), (9, 1), (10, 0), (11, 1), (12, 0), (13, 1), (14, 0), (15, 1), (8, 2), (9, 3), (10, 2), (11, 3), (12, 2), (13, 3), (14, 2), (15, 3), (8, 4), (9, 5), (10, 4), (11, 5), (12, 4), (13, 5), (14, 4), (15, 5), (8, 6), (9, 7), (10, 6), (11, 7), (12, 6), (13, 7), (14, 6), (15, 7)]
length: 32 328
2*[T] vs T3fnT3: -4.2170750324226896e-19 8.434150090147827e-19
Estimated difference between T3^fnT3 - (T2^WT3 + h.c.) is: 4.2170750577251373e-19 1.7783722042487471e-37
total cost: -3.080018129062095
singles alt: [(8, 0), (9, 1), (10, 0), (11, 1), (12, 0), (13, 1), (14, 0), (15, 1), (8, 2), (9, 3), (10, 2), (11, 3), (12, 2), (13, 3), (14, 2), (15, 3), (8, 4), (9, 5), (10, 4), (11, 5), (12, 4), (13, 5), (14, 4), (15, 5), (8, 6), (9, 7), (10, 6), (11, 7), (12, 6), (13, 7), (14, 6), (15, 7)]
length: 32 328
2*[T] vs T3fnT3: -4.508006203112209e-19 9.016012433272456e-19
Estimated difference between T3^fnT3 - (T2^WT3 + h.c.) is: 4.508006230160247e-19 2.0322120171163597e-37
total cost: -3.080018129062095
singles alt: [(8, 0), (9, 1), (10, 0), (11, 1), (12, 0), (13, 1), (14, 0), (15, 1), (8, 2), (9, 3), (10, 2), (11, 3), (12, 2), (13, 3), (14, 2), (15, 3), (8, 4), (9, 5), (10, 4), (11, 5), (12, 4), (13, 5), (14, 4), (15, 5), (8, 6), (9, 7), (10, 6), (11, 7), (12, 6), (13, 7), (14, 6), (15, 7)]
length: 32 328
2*[T] vs T3fnT3: -5.868997557368747e-19 1.1737995149951474e-18
Estimated difference between T3^fnT3 - (T2^WT3 + h.c.) is: 5.868997592582727e-19 3.4445132741741844e-37
total cost: -3.0800181302931997
singles alt: [(8, 0), (9, 1), (10, 0), (11, 1), (12, 0), (13, 1), (14, 0), (15, 1), (8, 2), (9, 3), (10, 2), (11, 3), (12, 2), (13, 3), (14, 2), (15, 3), (8, 4), (9, 5), (10, 4), (11, 5), (12, 4), (13, 5), (14, 4), (15, 5), (8, 6), (9, 7), (10, 6), (11, 7), (12, 6), (13, 7), (14, 6), (15, 7)]
length: 32 328
2*[T] vs T3fnT3: -3.9776927976714453e-19 7.955385619209045e-19
Estimated difference between T3^fnT3 - (T2^WT3 + h.c.) is: 3.9776928215376e-19 1.5822040182511753e-37
total cost: -3.080018129062095
singles alt: [(8, 0), (9, 1), (10, 0), (11, 1), (12, 0), (13, 1), (14, 0), (15, 1), (8, 2), (9, 3), (10, 2), (11, 3), (12, 2), (13, 3), (14, 2), (15, 3), (8, 4), (9, 5), (10, 4), (11, 5), (12, 4), (13, 5), (14, 4), (15, 5), (8, 6), (9, 7), (10, 6), (11, 7), (12, 6), (13, 7), (14, 6), (15, 7)]
length: 32 328
2*[T] vs T3fnT3: -5.303064517299778e-19 1.0606129066417941e-18
Estimated difference between T3^fnT3 - (T2^WT3 + h.c.) is: 5.303064549118163e-19 2.8122493612113826e-37
total cost: -3.080018127675946
singles alt: [(8, 0), (9, 1), (10, 0), (11, 1), (12, 0), (13, 1), (14, 0), (15, 1), (8, 2), (9, 3), (10, 2), (11, 3), (12, 2), (13, 3), (14, 2), (15, 3), (8, 4), (9, 5), (10, 4), (11, 5), (12, 4), (13, 5), (14, 4), (15, 5), (8, 6), (9, 7), (10, 6), (11, 7), (12, 6), (13, 7), (14, 6), (15, 7)]
length: 32 328
2*[T] vs T3fnT3: -3.022064874552853e-19 6.044129767238097e-19
Estimated difference between T3^fnT3 - (T2^WT3 + h.c.) is: 3.022064892685244e-19 9.132876215600675e-38
total cost: -3.080018129592655
singles alt: [(8, 0), (9, 1), (10, 0), (11, 1), (12, 0), (13, 1), (14, 0), (15, 1), (8, 2), (9, 3), (10, 2), (11, 3), (12, 2), (13, 3), (14, 2), (15, 3), (8, 4), (9, 5), (10, 4), (11, 5), (12, 4), (13, 5), (14, 4), (15, 5), (8, 6), (9, 7), (10, 6), (11, 7), (12, 6), (13, 7), (14, 6), (15, 7)]
length: 32 328
2*[T] vs T3fnT3: -4.722931897550162e-19 9.44586382343792e-19
Estimated difference between T3^fnT3 - (T2^WT3 + h.c.) is: 4.722931925887758e-19 2.230608597656985e-37
total cost: -3.080018129062095
singles alt: [(8, 0), (9, 1), (10, 0), (11, 1), (12, 0), (13, 1), (14, 0), (15, 1), (8, 2), (9, 3), (10, 2), (11, 3), (12, 2), (13, 3), (14, 2), (15, 3), (8, 4), (9, 5), (10, 4), (11, 5), (12, 4), (13, 5), (14, 4), (15, 5), (8, 6), (9, 7), (10, 6), (11, 7), (12, 6), (13, 7), (14, 6), (15, 7)]
length: 32 328
2*[T] vs T3fnT3: -2.702801062792615e-19 5.4056021418020365e-19
Estimated difference between T3^fnT3 - (T2^WT3 + h.c.) is: 2.7028010790094217e-19 7.305133672694494e-38
total cost: -3.08001812713148
singles alt: [(8, 0), (9, 1), (10, 0), (11, 1), (12, 0), (13, 1), (14, 0), (15, 1), (8, 2), (9, 3), (10, 2), (11, 3), (12, 2), (13, 3), (14, 2), (15, 3), (8, 4), (9, 5), (10, 4), (11, 5), (12, 4), (13, 5), (14, 4), (15, 5), (8, 6), (9, 7), (10, 6), (11, 7), (12, 6), (13, 7), (14, 6), (15, 7)]
length: 32 328
2*[T] vs T3fnT3: -4.240208206156615e-19 8.480416437754477e-19
Estimated difference between T3^fnT3 - (T2^WT3 + h.c.) is: 4.240208231597862e-19 1.7979365847310266e-37
total cost: -3.080018129062095
singles alt: [(8, 0), (9, 1), (10, 0), (11, 1), (12, 0), (13, 1), (14, 0), (15, 1), (8, 2), (9, 3), (10, 2), (11, 3), (12, 2), (13, 3), (14, 2), (15, 3), (8, 4), (9, 5), (10, 4), (11, 5), (12, 4), (13, 5), (14, 4), (15, 5), (8, 6), (9, 7), (10, 6), (11, 7), (12, 6), (13, 7), (14, 6), (15, 7)]
length: 32 328
2*[T] vs T3fnT3: -6.416938505178293e-19 1.2833877048858218e-18
Estimated difference between T3^fnT3 - (T2^WT3 + h.c.) is: 6.416938543679925e-19 4.117710027336503e-37
total cost: -3.0800181305668444
singles alt: [(8, 0), (9, 1), (10, 0), (11, 1), (12, 0), (13, 1), (14, 0), (15, 1), (8, 2), (9, 3), (10, 2), (11, 3), (12, 2), (13, 3), (14, 2), (15, 3), (8, 4), (9, 5), (10, 4), (11, 5), (12, 4), (13, 5), (14, 4), (15, 5), (8, 6), (9, 7), (10, 6), (11, 7), (12, 6), (13, 7), (14, 6), (15, 7)]
length: 32 328
2*[T] vs T3fnT3: -4.903627449937952e-19 9.807254929297673e-19
Estimated difference between T3^fnT3 - (T2^WT3 + h.c.) is: 4.903627479359721e-19 2.4045562456331773e-37
total cost: -3.080018129062095
singles alt: [(8, 0), (9, 1), (10, 0), (11, 1), (12, 0), (13, 1), (14, 0), (15, 1), (8, 2), (9, 3), (10, 2), (11, 3), (12, 2), (13, 3), (14, 2), (15, 3), (8, 4), (9, 5), (10, 4), (11, 5), (12, 4), (13, 5), (14, 4), (15, 5), (8, 6), (9, 7), (10, 6), (11, 7), (12, 6), (13, 7), (14, 6), (15, 7)]
length: 32 328
2*[T] vs T3fnT3: -5.141081448607117e-19 1.0282162928060722e-18
Estimated difference between T3^fnT3 - (T2^WT3 + h.c.) is: 5.141081479453605e-19 2.6430718778380863e-37
total cost: -3.080018129647014
singles alt: [(8, 0), (9, 1), (10, 0), (11, 1), (12, 0), (13, 1), (14, 0), (15, 1), (8, 2), (9, 3), (10, 2), (11, 3), (12, 2), (13, 3), (14, 2), (15, 3), (8, 4), (9, 5), (10, 4), (11, 5), (12, 4), (13, 5), (14, 4), (15, 5), (8, 6), (9, 7), (10, 6), (11, 7), (12, 6), (13, 7), (14, 6), (15, 7)]
length: 32 328
2*[T] vs T3fnT3: -5.108942869609525e-19 1.0217885769872704e-18
Estimated difference between T3^fnT3 - (T2^WT3 + h.c.) is: 5.108942900263179e-19 2.6101297558149543e-37
total cost: -3.080018129062095
singles alt: [(8, 0), (9, 1), (10, 0), (11, 1), (12, 0), (13, 1), (14, 0), (15, 1), (8, 2), (9, 3), (10, 2), (11, 3), (12, 2), (13, 3), (14, 2), (15, 3), (8, 4), (9, 5), (10, 4), (11, 5), (12, 4), (13, 5), (14, 4), (15, 5), (8, 6), (9, 7), (10, 6), (11, 7), (12, 6), (13, 7), (14, 6), (15, 7)]
