converged SCF energy = -7.7708736692219
[[-0.00202588  0.62856997 -0.2644523  -0.          0.          0.82600503]
 [ 0.99159199 -0.14939652 -0.2172678  -0.          0.          0.10473934]
 [ 0.03282981  0.52919365  0.80074766 -0.          0.         -0.43456423]
 [-0.          0.         -0.          1.          0.          0.        ]
 [-0.          0.         -0.         -0.          1.          0.        ]
 [ 0.00419988 -0.30927238  0.56539303 -0.          0.          0.82786176]]
<class 'pyscf.gto.mole.Mole'> <class 'pyscf.scf.hf.RHF'>
 ecore:   0.26904512
h1!!! [[ 0.61534184 -0.04589001 -0.06549184  0.          0.          0.03044518]
 [-0.04589001  1.72509794  0.0029871   0.          0.         -0.12707964]
 [-0.06549184  0.0029871   1.84752834  0.          0.          0.06296323]
 [ 0.          0.          0.          2.0087195   0.          0.        ]
 [ 0.          0.          0.          0.          2.0087195   0.        ]
 [ 0.03044518 -0.12707964  0.06296323  0.          0.          2.1169826 ]]
SCF energy pycc: -7.770873669221898 -7.770873669221898
dropcore: 0
calctype: None
dropcore: 0
n_mo=6, n_spin_orbitals=12, n_electrons=4
[-2.37626992 -2.37626992 -0.20923924 -0.20923924  0.06533465  0.06533465
  0.15642388  0.15642388  0.15642388  0.15642388  0.31479912  0.31479912]
geo: [['H', [0, 0, 0]], ['Li', [0, 0, 2.5]]]
Original Hamiltonian shape: (4096, 4096)
Restricted Hamiltonian shape: (225, 225)
hf_index: 3840
restrict sz: (225,)
e cmp: -7.823723883467698
<1100|H|1100> = (-7.770873669221897+0j)

nelectrons: 4
Energy at theta=0 (should be HF energy): -7.770873669222  PySCF RHF energy: -7.770873669222,-7.770873669222
Starting optimization... (this may take some time for larger ansatz sizes)
callback: energy=-7.808628158064
callback: energy=-7.818724772447
callback: energy=-7.820025461880
callback: energy=-7.820680992231
callback: energy=-7.821606114011
callback: energy=-7.821777740165
callback: energy=-7.822188865901
callback: energy=-7.823179296904
callback: energy=-7.823459344482
callback: energy=-7.823639925025
callback: energy=-7.823669627714
callback: energy=-7.823677737330
callback: energy=-7.823679676409
callback: energy=-7.823680363857
callback: energy=-7.823680680299
callback: energy=-7.823680850993
callback: energy=-7.823681188510
callback: energy=-7.823681404826
callback: energy=-7.823681520752
callback: energy=-7.823681660524
callback: energy=-7.823681679386
callback: energy=-7.823681696517
Optimization terminated successfully.
         Current function value: -7.823682
         Iterations: 22
         Function evaluations: 3906
         Gradient evaluations: 42
Optimization finished in 3228.97 s
Success: True
Final energy: -7.8236816965166645
(4, 5, 0, 1) | 0.0031338705835714
(4, 5, 0, 3) | -0.0000935435317026
(4, 5, 2, 1) | -0.0000935808809837
(4, 5, 2, 3) | 0.1531278674435250
(4, 7, 0, 1) | -0.0000001120525570
(4, 7, 0, 3) | -0.0000000272010270
(4, 7, 2, 1) | -0.0000000407305145
(4, 7, 2, 3) | 0.0000001212265086
(4, 9, 0, 1) | -0.0000000645247375
(4, 9, 0, 3) | 0.0000000422941075
(4, 9, 2, 1) | -0.0000000655559409
(4, 9, 2, 3) | 0.0000000371451194
(4, 11, 0, 1) | -0.0001501544728627
(4, 11, 0, 3) | 0.0020330674148170
(4, 11, 2, 1) | 0.0022875038362685
(4, 11, 2, 3) | -0.1641269372527114
(6, 5, 0, 1) | 0.0000000147864350
(6, 5, 0, 3) | 0.0000000098709893
(6, 5, 2, 1) | -0.0000000587356408
(6, 5, 2, 3) | -0.0000000536111164
(6, 7, 0, 1) | 0.0018497706661562
(6, 7, 0, 3) | 0.0033465622126646
(6, 7, 2, 1) | 0.0033474735020283
(6, 7, 2, 3) | 0.0167607684497129
(6, 9, 0, 1) | -0.0000000960761798
(6, 9, 0, 3) | -0.0000000220091855
(6, 9, 2, 1) | -0.0000000311894173
(6, 9, 2, 3) | -0.0000000423556902
(6, 11, 0, 1) | 0.0000000100666887
(6, 11, 0, 3) | -0.0000001291818961
(6, 11, 2, 1) | -0.0000000363781284
(6, 11, 2, 3) | -0.0000000364111086
(8, 5, 0, 1) | -0.0000000097363154
(8, 5, 0, 3) | -0.0000000001479135
(8, 5, 2, 1) | -0.0000000455446989
(8, 5, 2, 3) | 0.0000000320659141
(8, 7, 0, 1) | -0.0000000459633334
(8, 7, 0, 3) | -0.0000001040151325
(8, 7, 2, 1) | -0.0000000063840729
(8, 7, 2, 3) | 0.0000000186354854
(8, 9, 0, 1) | 0.0018497304458643
(8, 9, 0, 3) | 0.0033467562724304
(8, 9, 2, 1) | 0.0033479867306977
(8, 9, 2, 3) | 0.0167632050425044
(8, 11, 0, 1) | -0.0000000016939111
(8, 11, 0, 3) | -0.0000000936939298
(8, 11, 2, 1) | -0.0000000210427689
(8, 11, 2, 3) | 0.0000000048906864
(10, 5, 0, 1) | -0.0001373518980980
(10, 5, 0, 3) | 0.0023212963803342
(10, 5, 2, 1) | 0.0020666472938893
(10, 5, 2, 3) | -0.1664153721290478
(10, 7, 0, 1) | -0.0000001010540798
(10, 7, 0, 3) | -0.0000000053980712
(10, 7, 2, 1) | -0.0000001028864225
(10, 7, 2, 3) | -0.0000001790167869
(10, 9, 0, 1) | -0.0000000673764504
(10, 9, 0, 3) | -0.0000000799458878
(10, 9, 2, 1) | -0.0000000992895322
(10, 9, 2, 3) | 0.0000000742045413
(10, 11, 0, 1) | 0.0013820656040012
(10, 11, 0, 3) | 0.0011629659428820
(10, 11, 2, 1) | 0.0011643882194394
(10, 11, 2, 3) | 0.2022992960822149
(4, 6, 0, 2) | -0.0000001177432154
(5, 7, 1, 3) | -0.0000001293652288
(4, 8, 0, 2) | -0.0000001597470393
(5, 9, 1, 3) | -0.0000000311982097
(4, 10, 0, 2) | -0.0002731669195853
(5, 11, 1, 3) | -0.0002691347346039
(6, 8, 0, 2) | -0.0000000455751942
(7, 9, 1, 3) | -0.0000000567275235
(6, 10, 0, 2) | -0.0000000587018393
(7, 11, 1, 3) | -0.0000000843701744
(8, 10, 0, 2) | -0.0000000712458659
(9, 11, 1, 3) | -0.0000000844903726
(4, 0)         | -0.0000589366593407
(5, 1)         | -0.0000589697140848
(6, 0)         | -0.0000001226518941
(7, 1)         | -0.0000000201540726
(8, 0)         | -0.0000001464444989
(9, 1)         | -0.0000000836793952
(10, 0)        | -0.0014404383427936
(11, 1)        | -0.0014401494893024
(4, 2)         | 0.1050038798260448
(5, 3)         | 0.1048056608122978
(6, 2)         | 0.0000000247509282
(7, 3)         | 0.0000003046207984
(8, 2)         | -0.0000001695416941
(9, 3)         | 0.0000000355762115
(10, 2)        | 0.0297425535641470
(11, 3)        | 0.0298771151375894
None
Final evaluation of (unbiased) <H>: -7.8236816965166645
